0.000000000000000000e+00 -0.000000000000000000e+00
3.906250000000000000e-03 3.087372085239376007e-03
7.812500000000000000e-03 6.562353409880527025e-03
1.171875000000000000e-02 9.738838278018618205e-03
1.562500000000000000e-02 1.394858834218928520e-02
1.953125000000000000e-02 1.713836521338053462e-02
2.343750000000000000e-02 2.070035512971716077e-02
2.734375000000000000e-02 2.513333724425477825e-02
3.125000000000000000e-02 2.964837529885501824e-02
3.515625000000000000e-02 3.296122452110331752e-02
3.906250000000000000e-02 3.642839485901663843e-02
4.296875000000000000e-02 4.031130612277474684e-02
4.687500000000000000e-02 4.399957061239829353e-02
5.078125000000000000e-02 4.864206195757087015e-02
5.468750000000000000e-02 5.342208091958072086e-02
5.859375000000000000e-02 5.806415454380756125e-02
6.250000000000000000e-02 6.301900495572226868e-02
6.640625000000000000e-02 6.655885889170293224e-02
7.031250000000000000e-02 7.006062054005038342e-02
7.421875000000000000e-02 7.392207330760988682e-02
7.812500000000000000e-02 7.743025285564411608e-02
8.203125000000000000e-02 8.156498135456981269e-02
8.593750000000000000e-02 8.568356190569691166e-02
8.984375000000000000e-02 8.954589615410099568e-02
9.375000000000000000e-02 9.352314015599573482e-02
9.765625000000000000e-02 9.840480624690398082e-02
1.015625000000000000e-01 1.033909721076381877e-01
1.054687500000000000e-01 1.083173945371071339e-01
1.093750000000000000e-01 1.135511254252797864e-01
1.132812500000000000e-01 1.184288810489737276e-01
1.171875000000000000e-01 1.234180694915631288e-01
1.210937500000000000e-01 1.286781236664147066e-01
1.250000000000000000e-01 1.339498352128157821e-01
1.289062500000000000e-01 1.377600550089649600e-01
1.328125000000000000e-01 1.414739599071869192e-01
1.367187500000000000e-01 1.454109920522125843e-01
1.406250000000000000e-01 1.489171176669812358e-01
1.445312500000000000e-01 1.530692794511792632e-01
1.484375000000000000e-01 1.571248156822082909e-01
1.523437500000000000e-01 1.608233052001231400e-01
1.562500000000000000e-01 1.645816149872167677e-01
1.601562500000000000e-01 1.689718516330697418e-01
1.640625000000000000e-01 1.733701733192622996e-01
1.679687500000000000e-01 1.776621509065519633e-01
1.718750000000000000e-01 1.821244084348722647e-01
1.757812500000000000e-01 1.862204370599565006e-01
1.796875000000000000e-01 1.903339800787603731e-01
1.835937500000000000e-01 1.945934539333195878e-01
1.875000000000000000e-01 1.987877977648580263e-01
1.914062500000000000e-01 2.039144730975440967e-01
1.953125000000000000e-01 2.091640067973647432e-01
1.992187500000000000e-01 2.143082538632674339e-01
2.031250000000000000e-01 2.197623349661192993e-01
2.070312500000000000e-01 2.249421861510445542e-01
2.109375000000000000e-01 2.302336756843634535e-01
2.148437500000000000e-01 2.357796594702647186e-01
2.187500000000000000e-01 2.413582148691938156e-01
2.226562500000000000e-01 2.465212404287872028e-01
2.265625000000000000e-01 2.517261120211919390e-01
2.304687500000000000e-01 2.570656993517429489e-01
2.343750000000000000e-01 2.623308648286996059e-01
2.382812500000000000e-01 2.679023223571851409e-01
2.421875000000000000e-01 2.735113553874905512e-01
2.460937500000000000e-01 2.790664934735922476e-01
2.500000000000000000e-01 2.847166242333897812e-01
2.539062500000000000e-01 2.888422967691372523e-01
2.578125000000000000e-01 2.928154241775873246e-01
2.617187500000000000e-01 2.970004558744710477e-01
2.656250000000000000e-01 3.007095023126266642e-01
2.695312500000000000e-01 3.049637101800024563e-01
2.734375000000000000e-01 3.090778478208471847e-01
2.773437500000000000e-01 3.128031695827115932e-01
2.812500000000000000e-01 3.165302813948725480e-01
2.851562500000000000e-01 3.209561900471441520e-01
2.890625000000000000e-01 3.253558949881219520e-01
2.929687500000000000e-01 3.295863487627396227e-01
2.968750000000000000e-01 3.339761264600029644e-01
3.007812500000000000e-01 3.379158867183056358e-01
3.046875000000000000e-01 3.418374384849881542e-01
3.085937500000000000e-01 3.458870172503500373e-01
3.125000000000000000e-01 3.498259012830538528e-01
3.164062500000000000e-01 3.544609612505649765e-01
3.203125000000000000e-01 3.591575541022383744e-01
3.242187500000000000e-01 3.637290533880671584e-01
3.281250000000000000e-01 3.685063920518758529e-01
3.320312500000000000e-01 3.730425650542139038e-01
3.359375000000000000e-01 3.776291906577644575e-01
3.398437500000000000e-01 3.823759563253497085e-01
3.437500000000000000e-01 3.871139272227993033e-01
3.476562500000000000e-01 3.914699816161226198e-01
3.515625000000000000e-01 3.958202271674350903e-01
3.554687500000000000e-01 4.002424855591650288e-01
3.593750000000000000e-01 4.045637547730637773e-01
3.632812500000000000e-01 4.090950562787977196e-01
3.671875000000000000e-01 4.136174651785578527e-01
3.710937500000000000e-01 4.180561977284616426e-01
3.750000000000000000e-01 4.225327386814513586e-01
3.789062500000000000e-01 4.279252404986406688e-01
3.828125000000000000e-01 4.334297262883708979e-01
3.867187500000000000e-01 4.388547628097863029e-01
3.906250000000000000e-01 4.445878550866461665e-01
3.945312500000000000e-01 4.499994271888461128e-01
3.984375000000000000e-01 4.555221922323345884e-01
4.023437500000000000e-01 4.613085296587608464e-01
4.062500000000000000e-01 4.671150960790019235e-01
4.101562500000000000e-01 4.725956692725969410e-01
4.140625000000000000e-01 4.781251114407986669e-01
4.179687500000000000e-01 4.837729487552323016e-01
4.218750000000000000e-01 4.893724193206424045e-01
4.257812500000000000e-01 4.952448286432047375e-01
4.296875000000000000e-01 5.011606666078913808e-01
4.335937500000000000e-01 5.070429975007842982e-01
4.375000000000000000e-01 5.130181463782739204e-01
4.414062500000000000e-01 5.185135825175735125e-01
4.453125000000000000e-01 5.239923980884207966e-01
4.492187500000000000e-01 5.295857035426191350e-01
4.531250000000000000e-01 5.350555954936533354e-01
4.570312500000000000e-01 5.407353803702239503e-01
4.609375000000000000e-01 5.464051374855378729e-01
4.648437500000000000e-01 5.519833165711811596e-01
4.687500000000000000e-01 5.575964923554231900e-01
4.726562500000000000e-01 5.635026801615643510e-01
4.765625000000000000e-01 5.694388852710237092e-01
4.804687500000000000e-01 5.753515961692901026e-01
4.843750000000000000e-01 5.813611466688439755e-01
4.882812500000000000e-01 5.872487791112744882e-01
4.921875000000000000e-01 5.931688518482668426e-01
4.960937500000000000e-01 5.991739280548512570e-01
5.000000000000000000e-01 6.051784683875552906e-01
5.039062500000000000e-01 6.096470706567921338e-01
5.078125000000000000e-01 6.139477778473554359e-01
5.117187500000000000e-01 6.184191825737430648e-01
5.156250000000000000e-01 6.223928455220250067e-01
5.195312500000000000e-01 6.269219683426725531e-01
5.234375000000000000e-01 6.312883256482482164e-01
5.273437500000000000e-01 6.352364641750675167e-01
5.312500000000000000e-01 6.391720768997428692e-01
5.351562500000000000e-01 6.437204151028182997e-01
5.390625000000000000e-01 6.482145942037915720e-01
5.429687500000000000e-01 6.525280080489116452e-01
5.468750000000000000e-01 6.569593857063104059e-01
5.507812500000000000e-01 6.609412282963260665e-01
5.546875000000000000e-01 6.648777309176805428e-01
5.585937500000000000e-01 6.689048919683339145e-01
5.625000000000000000e-01 6.727998809644716305e-01
5.664062500000000000e-01 6.774790635460200550e-01
5.703125000000000000e-01 6.822073562975921046e-01
5.742187500000000000e-01 6.867742802471764607e-01
5.781250000000000000e-01 6.915591344198119828e-01
5.820312500000000000e-01 6.960361730513905387e-01
5.859375000000000000e-01 7.005511612914456787e-01
5.898437500000000000e-01 7.052328419637798884e-01
5.937500000000000000e-01 7.098818385939905662e-01
5.976562500000000000e-01 7.140819533932309948e-01
6.015625000000000000e-01 7.182559828342626185e-01
6.054687500000000000e-01 7.224903937301467849e-01
6.093750000000000000e-01 7.265914240760710241e-01
6.132812500000000000e-01 7.309101338379497825e-01
6.171875000000000000e-01 7.351989926767282801e-01
6.210937500000000000e-01 7.393736302921531944e-01
6.250000000000000000e-01 7.435712744586093770e-01
6.289062500000000000e-01 7.484639793925584872e-01
6.328125000000000000e-01 7.534233106703182026e-01
6.367187500000000000e-01 7.583041193958983683e-01
6.406250000000000000e-01 7.634061378981578105e-01
6.445312500000000000e-01 7.682309409550989177e-01
6.484375000000000000e-01 7.731230729154991987e-01
6.523437500000000000e-01 7.782029810923571933e-01
6.562500000000000000e-01 7.832775291342637392e-01
6.601562500000000000e-01 7.880887001488845467e-01
6.640625000000000000e-01 7.929193764878823547e-01
6.679687500000000000e-01 7.978210059231136686e-01
6.718750000000000000e-01 8.026684631992664354e-01
6.757812500000000000e-01 8.077056491940455274e-01
6.796875000000000000e-01 8.127579350881614095e-01
6.835937500000000000e-01 8.177669587185216749e-01
6.875000000000000000e-01 8.228287132828092654e-01
6.914062500000000000e-01 8.274754799025669794e-01
6.953125000000000000e-01 8.320877101294539280e-01
6.992187500000000000e-01 8.367722924747372781e-01
7.031250000000000000e-01 8.413343600113905030e-01
7.070312500000000000e-01 8.460488997398275535e-01
7.109375000000000000e-01 8.507340765454252107e-01
7.148437500000000000e-01 8.553226470210160137e-01
7.187500000000000000e-01 8.599191358702851229e-01
7.226562500000000000e-01 8.647331963108088049e-01
7.265625000000000000e-01 8.695506286305898502e-01
7.304687500000000000e-01 8.743280033961964293e-01
7.343750000000000000e-01 8.791632197420088390e-01
7.382812500000000000e-01 8.838778910073143980e-01
7.421875000000000000e-01 8.885979528678511485e-01
7.460937500000000000e-01 8.933662620388045372e-01
7.500000000000000000e-01 8.981130495184203033e-01
7.539062500000000000e-01 9.037850279176651291e-01
7.578125000000000000e-01 9.095750637204030875e-01
7.617187500000000000e-01 9.152706326783647262e-01
7.656250000000000000e-01 9.212751050806833319e-01
7.695312500000000000e-01 9.269850517524589328e-01
7.734375000000000000e-01 9.328062733144196761e-01
7.773437500000000000e-01 9.388856779096964589e-01
7.812500000000000000e-01 9.449922284288302388e-01
7.851562500000000000e-01 9.507211727518446454e-01
7.890625000000000000e-01 9.564947774113357060e-01
7.929687500000000000e-01 9.623959795033819598e-01
7.968750000000000000e-01 9.682336721783056932e-01
8.007812500000000000e-01 9.743632912312130134e-01
8.046875000000000000e-01 9.805328023422954509e-01
8.085937500000000000e-01 9.866569195539808268e-01
8.125000000000000000e-01 9.928749301764312474e-01
8.164062500000000000e-01 9.987036169040579558e-01
8.203125000000000000e-01 1.004524144197973312e+00
8.242187500000000000e-01 1.010448166363264066e+00
8.281250000000000000e-01 1.016277231505045453e+00
8.320312500000000000e-01 1.022280418416413594e+00
8.359375000000000000e-01 1.028281973219211221e+00
8.398437500000000000e-01 1.034215888818987406e+00
8.437500000000000000e-01 1.040183909151755515e+00
8.476562500000000000e-01 1.046408913044846400e+00
8.515625000000000000e-01 1.052665989146704728e+00
8.554687500000000000e-01 1.058908677647035557e+00
8.593750000000000000e-01 1.065240378746671546e+00
8.632812500000000000e-01 1.071474993591885028e+00
8.671875000000000000e-01 1.077743547502253652e+00
8.710937500000000000e-01 1.084090784041646938e+00
8.750000000000000000e-01 1.090444005214560086e+00
8.789062500000000000e-01 1.096302079861126710e+00
8.828125000000000000e-01 1.102124811120634540e+00
8.867187500000000000e-01 1.108021340030645563e+00
8.906250000000000000e-01 1.113770289233023680e+00
8.945312500000000000e-01 1.119732200882333384e+00
8.984375000000000000e-01 1.125659120934051183e+00
9.023437500000000000e-01 1.131463799950385152e+00
9.062500000000000000e-01 1.137285631476192327e+00
9.101562500000000000e-01 1.143321663258276333e+00
9.140625000000000000e-01 1.149358279224207635e+00
9.179687500000000000e-01 1.155355937327547267e+00
9.218750000000000000e-01 1.161409612497822375e+00
9.257812500000000000e-01 1.167336098837661762e+00
9.296875000000000000e-01 1.173266292396758947e+00
9.335937500000000000e-01 1.179244058332156397e+00
9.375000000000000000e-01 1.185197359411353624e+00
9.414062500000000000e-01 1.191455170504960082e+00
9.453125000000000000e-01 1.197751237149099701e+00
9.492187500000000000e-01 1.204010240318489799e+00
9.531250000000000000e-01 1.210368918065519050e+00
9.570312500000000000e-01 1.216635547744121304e+00
9.609375000000000000e-01 1.222936660939915043e+00
9.648437500000000000e-01 1.229319163658547431e+00
9.687500000000000000e-01 1.235710240904941637e+00
9.726562500000000000e-01 1.241961723559848130e+00
9.765625000000000000e-01 1.248224678351412154e+00
9.804687500000000000e-01 1.254529831102671134e+00
9.843750000000000000e-01 1.260808069157490108e+00
9.882812500000000000e-01 1.267185065531687416e+00
9.921875000000000000e-01 1.273572138804060172e+00
9.960937500000000000e-01 1.279939092678307411e+00
1.000000000000000000e+00 1.286335069425695865e+00
1.003906250000000000e+00 1.283687967939779462e+00
1.007812500000000000e+00 1.279916321924324141e+00
1.011718750000000000e+00 1.277037726271849083e+00
1.015625000000000000e+00 1.271142383238053286e+00
1.019531250000000000e+00 1.268245202862735344e+00
1.023437500000000000e+00 1.264270170864661313e+00
1.027343750000000000e+00 1.257755900060230747e+00
1.031250000000000000e+00 1.251012978595517078e+00
1.035156250000000000e+00 1.247822813644905438e+00
1.039062500000000000e+00 1.244194921702181933e+00
1.042968750000000000e+00 1.239359178011582241e+00
1.046875000000000000e+00 1.235111951946505693e+00
1.050781250000000000e+00 1.228075116183691140e+00
1.054687500000000000e+00 1.220649631806598912e+00
1.058593750000000000e+00 1.213645537343155389e+00
1.062500000000000000e+00 1.205737647470947138e+00
1.066406250000000000e+00 1.201970131955463872e+00
1.070312500000000000e+00 1.198325933333830751e+00
1.074218750000000000e+00 1.193643453416690425e+00
1.078125000000000000e+00 1.190003497820737222e+00
1.082031250000000000e+00 1.184549001571326254e+00
1.085937500000000000e+00 1.179153481838705719e+00
1.089843750000000000e+00 1.174517091987412831e+00
1.093750000000000000e+00 1.169557706357851057e+00
1.097656250000000000e+00 1.161968914479564630e+00
1.101562500000000000e+00 1.154086899355453832e+00
1.105468750000000000e+00 1.146391532578782790e+00
1.109375000000000000e+00 1.137810695466743294e+00
1.113281250000000000e+00 1.130281238601315685e+00
1.117187500000000000e+00 1.122438368530275676e+00
1.121093750000000000e+00 1.113816518364465047e+00
1.125000000000000000e+00 1.105172580633568380e+00
1.128906250000000000e+00 1.100870132698426040e+00
1.132812500000000000e+00 1.096868657810926351e+00
1.136718750000000000e+00 1.092221610549756416e+00
1.140625000000000000e+00 1.088865506022590246e+00
1.144531250000000000e+00 1.083614451014220048e+00
1.148437500000000000e+00 1.078664967034485000e+00
1.152343750000000000e+00 1.074787497298004491e+00
1.156250000000000000e+00 1.070748951655197789e+00
1.160156250000000000e+00 1.064852996053369694e+00
1.164062500000000000e+00 1.058948482132490820e+00
1.167968750000000000e+00 1.053374791316766368e+00
1.171875000000000000e+00 1.047311927140023524e+00
1.175781250000000000e+00 1.042349560375461115e+00
1.179687500000000000e+00 1.037350764438994988e+00
1.183593750000000000e+00 1.031935032885161752e+00
1.187500000000000000e+00 1.026727712179328789e+00
1.191406250000000000e+00 1.018781528571821804e+00
1.195312500000000000e+00 1.010487785732720578e+00
1.199218750000000000e+00 1.002520652816154101e+00
1.203125000000000000e+00 9.936536642874261860e-01
1.207031250000000000e+00 9.856119573320560878e-01
1.210937500000000000e+00 9.772558941527688114e-01
1.214843750000000000e+00 9.681635154092931295e-01
1.218750000000000000e+00 9.589902863558109614e-01
1.222656250000000000e+00 9.510605132106276782e-01
1.226562500000000000e+00 9.430225994786558541e-01
1.230468750000000000e+00 9.346020683287652453e-01
1.234375000000000000e+00 9.264169703321000204e-01
1.238281250000000000e+00 9.173423050509087462e-01
1.242187500000000000e+00 9.081721083173107667e-01
1.246093750000000000e+00 8.991766745491522883e-01
1.250000000000000000e+00 8.899160481330296024e-01
1.253906250000000000e+00 8.850677153438254452e-01
1.257812500000000000e+00 8.806721037977960354e-01
1.261718750000000000e+00 8.756762645764510911e-01
1.265625000000000000e+00 8.720663290486956321e-01
1.269531250000000000e+00 8.668966245518761049e-01
1.273437500000000000e+00 8.621433167449048529e-01
1.277343750000000000e+00 8.585240032716510150e-01
1.281250000000000000e+00 8.549120380141418396e-01
1.285156250000000000e+00 8.492926879835925869e-01
1.289062500000000000e+00 8.437608805687232261e-01
1.292968750000000000e+00 8.387301766337149633e-01
1.296875000000000000e+00 8.332509876181941610e-01
1.300781250000000000e+00 8.290837311581156222e-01
1.304687500000000000e+00 8.249809788033257707e-01
1.308593750000000000e+00 8.205202403686246981e-01
1.312500000000000000e+00 8.163911729218700231e-01
1.316406250000000000e+00 8.102699027807931387e-01
1.320312500000000000e+00 8.039836431866735911e-01
1.324218750000000000e+00 7.980699627144752784e-01
1.328125000000000000e+00 7.915758904419202269e-01
1.332031250000000000e+00 7.857880574153607300e-01
1.335937500000000000e+00 7.798672096188372649e-01
1.339843750000000000e+00 7.734976179414995157e-01
1.343750000000000000e+00 7.671655038218309075e-01
1.347656250000000000e+00 7.619458284204140286e-01
1.351562500000000000e+00 7.567551711454797436e-01
1.355468750000000000e+00 7.513693134194334711e-01
1.359375000000000000e+00 7.462866384205260051e-01
1.363281250000000000e+00 7.406112762283973971e-01
1.367187500000000000e+00 7.349738022093571521e-01
1.371093750000000000e+00 7.295896261172135633e-01
1.375000000000000000e+00 7.241088263841491957e-01
1.378906250000000000e+00 7.159879966938414997e-01
1.382812500000000000e+00 7.075551322238610163e-01
1.386718750000000000e+00 6.993647433102846422e-01
1.390625000000000000e+00 6.902946321093104132e-01
1.394531250000000000e+00 6.821675222065538557e-01
1.398437500000000000e+00 6.737307258345909267e-01
1.402343750000000000e+00 6.645430717262802434e-01
1.406250000000000000e+00 6.553090568999893062e-01
1.410156250000000000e+00 6.470317541002064132e-01
1.414062500000000000e+00 6.386252691362430678e-01
1.417968750000000000e+00 6.298881552433709397e-01
1.421875000000000000e+00 6.213035167615376109e-01
1.425781250000000000e+00 6.119406643387265143e-01
1.429687500000000000e+00 6.024643760834073047e-01
1.433593750000000000e+00 5.930975047008416601e-01
1.437500000000000000e+00 5.834741430809354812e-01
1.441406250000000000e+00 5.752512271973122537e-01
1.445312500000000000e+00 5.670886358724210874e-01
1.449218750000000000e+00 5.586069184955637645e-01
1.453125000000000000e+00 5.504945582122964254e-01
1.457031250000000000e+00 5.417870656238746863e-01
1.460937500000000000e+00 5.331208083461378422e-01
1.464843750000000000e+00 5.247317701889119279e-01
1.468750000000000000e+00 5.162536858857625921e-01
1.472656250000000000e+00 5.069397952880567715e-01
1.476562500000000000e+00 4.975512482471220466e-01
1.480468750000000000e+00 4.882429225914425852e-01
1.484375000000000000e+00 4.786665477866465235e-01
1.488281250000000000e+00 4.694552349050548634e-01
1.492187500000000000e+00 4.601622550274570567e-01
1.496093750000000000e+00 4.506354837128069279e-01
1.500000000000000000e+00 4.411224814623571633e-01
1.503906250000000000e+00 4.362546884463268659e-01
1.507812500000000000e+00 4.319086002528455537e-01
1.511718750000000000e+00 4.270625540222588445e-01
1.515625000000000000e+00 4.237321031186743192e-01
1.519531250000000000e+00 4.187442592837645194e-01
1.523437500000000000e+00 4.142623381386715264e-01
1.527343750000000000e+00 4.110559922896189766e-01
1.531250000000000000e+00 4.079031074389161127e-01
1.535156250000000000e+00 4.029160117974600608e-01
1.539062500000000000e+00 3.981072646908553891e-01
1.542968750000000000e+00 3.938591814791055912e-01
1.546875000000000000e+00 3.892700750245144392e-01
1.550781250000000000e+00 3.860522401456749075e-01
1.554687500000000000e+00 3.829862086425522283e-01
1.558593750000000000e+00 3.796616280561364576e-01
1.562500000000000000e+00 3.767508135704257799e-01
1.566406250000000000e+00 3.714965947414388681e-01
1.570312500000000000e+00 3.661101465227596941e-01
1.574218750000000000e+00 3.612248169959018096e-01
1.578125000000000000e+00 3.556995005354554040e-01
1.582031250000000000e+00 3.511153697900327164e-01
1.585937500000000000e+00 3.464326445109521257e-01
1.589843750000000000e+00 3.412641226431763486e-01
1.593750000000000000e+00 3.362094005704706623e-01
1.597656250000000000e+00 3.325210297237083945e-01
1.601562500000000000e+00 3.289267280726002607e-01
1.605468750000000000e+00 3.251662595665723021e-01
1.609375000000000000e+00 3.218227220216673401e-01
1.613281250000000000e+00 3.178397590310820808e-01
1.617187500000000000e+00 3.139621849608128512e-01
1.621093750000000000e+00 3.104438756936226396e-01
1.625000000000000000e+00 3.068719102556483058e-01
1.628906250000000000e+00 3.012116722232379695e-01
1.632812500000000000e+00 2.953649691567442614e-01
1.636718750000000000e+00 2.897713108796540205e-01
1.640625000000000000e+00 2.835234515516512066e-01
1.644531250000000000e+00 2.781294033586891312e-01
1.648437500000000000e+00 2.725468379480063263e-01
1.652343750000000000e+00 2.664113250774318709e-01
1.656250000000000000e+00 2.603071822924260537e-01
1.660156250000000000e+00 2.550159424079521675e-01
1.664062500000000000e+00 2.496809619714462636e-01
1.667968750000000000e+00 2.441463842868538126e-01
1.671875000000000000e+00 2.387911637608540749e-01
1.675781250000000000e+00 2.328767864305968383e-01
1.679687500000000000e+00 2.269319919585816581e-01
1.683593750000000000e+00 2.211334989539638640e-01
1.687500000000000000e+00 2.151906528613299896e-01
1.691406250000000000e+00 2.105177631738738286e-01
1.695312500000000000e+00 2.059645177334665234e-01
1.699218750000000000e+00 2.012076904497049346e-01
1.703125000000000000e+00 1.968365011105515650e-01
1.707031250000000000e+00 1.920195761201769769e-01
1.710937500000000000e+00 1.873066402265309571e-01
1.714843750000000000e+00 1.829009937480376435e-01
1.718750000000000000e+00 1.784866302444947928e-01
1.722656250000000000e+00 1.734295304229492574e-01
1.726562500000000000e+00 1.683774358318203268e-01
1.730468750000000000e+00 1.634616856675910612e-01
1.734375000000000000e+00 1.583862263828523242e-01
1.738281250000000000e+00 1.536904889594189472e-01
1.742187500000000000e+00 1.489936545866735740e-01
1.746093750000000000e+00 1.441661267002779800e-01
1.750000000000000000e+00 1.394188819005202362e-01
1.753906250000000000e+00 1.319135119106573106e-01
1.757812500000000000e+00 1.240694090162613866e-01
1.761718750000000000e+00 1.165238127223682529e-01
1.765625000000000000e+00 1.080674778974207023e-01
1.769531250000000000e+00 1.005089154970277010e-01
1.773437500000000000e+00 9.263200843078915614e-02
1.777343750000000000e+00 8.399645615315741443e-02
1.781250000000000000e+00 7.529466763576289634e-02
1.785156250000000000e+00 6.774044181761014471e-02
1.789062500000000000e+00 6.006758814695524473e-02
1.792968750000000000e+00 5.202737538149444785e-02
1.796875000000000000e+00 4.419287633608801058e-02
1.800781250000000000e+00 3.549835198724685115e-02
1.804687500000000000e+00 2.669948608988984007e-02
1.808593750000000000e+00 1.805200169140026151e-02
1.812500000000000000e+00 9.138263572401814083e-03
1.816406250000000000e+00 1.405841028905287574e-03
1.820312500000000000e+00 -6.287005764049097452e-03
1.824218750000000000e+00 -1.427476990146096109e-02
1.828125000000000000e+00 -2.196297775824563800e-02
1.832031250000000000e+00 -3.015756611526356629e-02
1.835937500000000000e+00 -3.833214357780146547e-02
1.839843750000000000e+00 -4.628900561426860932e-02
1.843750000000000000e+00 -5.433288736810364117e-02
1.847656250000000000e+00 -6.313152321091425323e-02
1.851562500000000000e+00 -7.201111477598262645e-02
1.855468750000000000e+00 -8.083246804895501125e-02
1.859375000000000000e+00 -8.990535900892471233e-02
1.863281250000000000e+00 -9.867227638782215260e-02
1.867187500000000000e+00 -1.075257399747657772e-01
1.871093750000000000e+00 -1.165997919679418598e-01
1.875000000000000000e+00 -1.256766459546679593e-01
1.878906250000000000e+00 -1.332525516239574104e-01
1.882812500000000000e+00 -1.407071390461293037e-01
1.886718750000000000e+00 -1.483679200572296797e-01
1.890625000000000000e+00 -1.555706307138852718e-01
1.894531250000000000e+00 -1.633970193534751980e-01
1.898437500000000000e+00 -1.711031559849733041e-01
1.902343750000000000e+00 -1.784272612724336626e-01
1.906250000000000000e+00 -1.857875590430285717e-01
1.910156250000000000e+00 -1.937753892662639477e-01
1.914062500000000000e+00 -2.017497191283229296e-01
1.917968750000000000e+00 -2.095918800355580924e-01
1.921875000000000000e+00 -2.175868846900698428e-01
1.925781250000000000e+00 -2.251849687427427693e-01
1.929687500000000000e+00 -2.327789217999583493e-01
1.933593750000000000e+00 -2.405003747658471525e-01
1.937500000000000000e+00 -2.481331590950524024e-01
1.941406250000000000e+00 -2.566641936398212920e-01
1.945312500000000000e+00 -2.652947368996830813e-01
1.949218750000000000e+00 -2.737988313444563171e-01
1.953125000000000000e+00 -2.825866845766357716e-01
1.957031250000000000e+00 -2.910831537733095664e-01
1.960937500000000000e+00 -2.996678139381980799e-01
1.964843750000000000e+00 -3.084813772482675742e-01
1.968750000000000000e+00 -3.173054090387802395e-01
1.972656250000000000e+00 -3.256953954508969296e-01
1.976562500000000000e+00 -3.341045392593725016e-01
1.980468750000000000e+00 -3.426250197005633602e-01
1.984375000000000000e+00 -3.510494967464368177e-01
1.988281250000000000e+00 -3.597549898533762280e-01
1.992187500000000000e+00 -3.684754549825436376e-01
1.996093750000000000e+00 -3.771203030975768256e-01
2.000000000000000000e+00 -3.858369610458745602e-01
2.003906250000000000e+00 -3.859333580167916833e-01
2.007812500000000000e+00 -3.849665180464397207e-01
2.011718750000000000e+00 -3.848725916369475919e-01
2.015625000000000000e+00 -3.819127554706273076e-01
2.019531250000000000e+00 -3.818123093328009143e-01
2.023437500000000000e+00 -3.806963278085153668e-01
2.027343750000000000e+00 -3.771733242653040885e-01
2.031250000000000000e+00 -3.734414455925582077e-01
2.035156250000000000e+00 -3.731394446789420560e-01
2.039062500000000000e+00 -3.724349306939197524e-01
2.042968750000000000e+00 -3.705860482312735571e-01
2.046875000000000000e+00 -3.693195792113279086e-01
2.050781250000000000e+00 -3.653943834424001613e-01
2.054687500000000000e+00 -3.611131487425989772e-01
2.058593750000000000e+00 -3.572531529679852103e-01
2.062500000000000000e+00 -3.525431729041420548e-01
2.066406250000000000e+00 -3.517490782658062032e-01
2.070312500000000000e+00 -3.510811217941585127e-01
2.074218750000000000e+00 -3.494412093621982462e-01
2.078125000000000000e+00 -3.487939717875879198e-01
2.082031250000000000e+00 -3.464471471688894688e-01
2.085937500000000000e+00 -3.441651056247067020e-01
2.089843750000000000e+00 -3.426077171191074244e-01
2.093750000000000000e+00 -3.407555410105835847e-01
2.097656250000000000e+00 -3.364264199009048828e-01
2.101562500000000000e+00 -3.318293688836450595e-01
2.105468750000000000e+00 -3.274185435320491333e-01
2.109375000000000000e+00 -3.221798991375088295e-01
2.113281250000000000e+00 -3.179442851068722264e-01
2.117187500000000000e+00 -3.134217695837044348e-01
2.121093750000000000e+00 -3.081722493807367846e-01
2.125000000000000000e+00 -3.029111519227468685e-01
2.128906250000000000e+00 -3.018903145614443839e-01
2.132812500000000000e+00 -3.011792481664451460e-01
2.136718750000000000e+00 -2.998549693421936335e-01
2.140625000000000000e+00 -2.998028207493501629e-01
2.144531250000000000e+00 -2.979267789404071998e-01
2.148437500000000000e+00 -2.963604381092926343e-01
2.152343750000000000e+00 -2.958526009401947210e-01
2.156250000000000000e+00 -2.952051988781307923e-01
2.160156250000000000e+00 -2.927618693024945373e-01
2.164062500000000000e+00 -2.903261162226805636e-01
2.167968750000000000e+00 -2.882295090758489886e-01
2.171875000000000000e+00 -2.856718027030850093e-01
2.175781250000000000e+00 -2.842029563583841623e-01
2.179687500000000000e+00 -2.827146500712253707e-01
2.183593750000000000e+00 -2.808358631574365272e-01
2.187500000000000000e+00 -2.791762698604605686e-01
2.191406250000000000e+00 -2.748788180762867794e-01
2.195312500000000000e+00 -2.702605800110749468e-01
2.199218750000000000e+00 -2.659751931208937381e-01
2.203125000000000000e+00 -2.608339848268660388e-01
2.207031250000000000e+00 -2.565079829562872393e-01
2.210937500000000000e+00 -2.518934837152551065e-01
2.214843750000000000e+00 -2.465817445080905335e-01
2.218750000000000000e+00 -2.412076252600110771e-01
2.222656250000000000e+00 -2.370554359117527654e-01
2.226562500000000000e+00 -2.328146422109350633e-01
2.230468750000000000e+00 -2.282190318961714592e-01
2.234375000000000000e+00 -2.238679311304585806e-01
2.238281250000000000e+00 -2.186706220312802929e-01
2.242187500000000000e+00 -2.133969127967338952e-01
2.246093750000000000e+00 -2.083088640042234652e-01
2.250000000000000000e+00 -2.029799345209342409e-01
2.253906250000000000e+00 -2.017258777850370610e-01
2.257812500000000000e+00 -2.008994552258161481e-01
2.261718750000000000e+00 -1.995285165821882589e-01
2.265625000000000000e+00 -1.994441186778989628e-01
2.269531250000000000e+00 -1.979361236526745449e-01
2.273437500000000000e+00 -1.968216385487467079e-01
2.277343750000000000e+00 -1.967609823830251126e-01
2.281250000000000000e+00 -1.967178523772581122e-01
2.285156250000000000e+00 -1.948300903039697218e-01
2.289062500000000000e+00 -1.930324750208957663e-01
2.292968750000000000e+00 -1.917074043901809410e-01
2.296875000000000000e+00 -1.899775632647410506e-01
2.300781250000000000e+00 -1.894681563828019277e-01
2.304687500000000000e+00 -1.890277520779438669e-01
2.308593750000000000e+00 -1.882662927363676908e-01
2.312500000000000000e+00 -1.878204191736200512e-01
2.316406250000000000e+00 -1.855597343476863836e-01
2.320312500000000000e+00 -1.831580196785357606e-01
2.324218750000000000e+00 -1.811082221910156609e-01
2.328125000000000000e+00 -1.785370267812476375e-01
2.332031250000000000e+00 -1.766222963515775568e-01
2.335937500000000000e+00 -1.745959784302266449e-01
2.339843750000000000e+00 -1.721690104615798411e-01
2.343750000000000000e+00 -1.697864477560645236e-01
2.347656250000000000e+00 -1.684344433914853056e-01
2.351562500000000000e+00 -1.671193815652241843e-01
2.355468750000000000e+00 -1.656355366390677986e-01
2.359375000000000000e+00 -1.644400460382809959e-01
2.363281250000000000e+00 -1.627114288197816783e-01
2.367187500000000000e+00 -1.610278616956373754e-01
2.371093750000000000e+00 -1.595868714639835928e-01
2.375000000000000000e+00 -1.580676019390218900e-01
2.378906250000000000e+00 -1.541087489384654063e-01
2.382812500000000000e+00 -1.498704366450729353e-01
2.386718750000000000e+00 -1.458675966219409870e-01
2.390625000000000000e+00 -1.410586654802207240e-01
2.394531250000000000e+00 -1.371343583961302237e-01
2.398437500000000000e+00 -1.329328907630880352e-01
2.402343750000000000e+00 -1.280450254295677492e-01
2.406250000000000000e+00 -1.231241931159366282e-01
2.410156250000000000e+00 -1.191022787328882976e-01
2.414062500000000000e+00 -1.149707729158756658e-01
2.417968750000000000e+00 -1.105424924004650422e-01
2.421875000000000000e+00 -1.062661788349675840e-01
2.425781250000000000e+00 -1.012775972003905067e-01
2.429687500000000000e+00 -9.619402113196813542e-02
2.433593750000000000e+00 -9.122239446198406043e-02
2.437500000000000000e+00 -8.602294619849559787e-02
2.441406250000000000e+00 -8.213129992565522397e-02
2.445312500000000000e+00 -7.830564512923265941e-02
2.449218750000000000e+00 -7.419429268795384169e-02
2.453125000000000000e+00 -7.043527171940287823e-02
2.457031250000000000e+00 -6.613495259954017824e-02
2.460937500000000000e+00 -6.188291405512827414e-02
2.464843750000000000e+00 -5.789780590516515474e-02
2.468750000000000000e+00 -5.384028071996287829e-02
2.472656250000000000e+00 -4.901814999342449936e-02
2.476562500000000000e+00 -4.413689496804399509e-02
2.480468750000000000e+00 -3.934008004220588411e-02
2.484375000000000000e+00 -3.430489648768410282e-02
2.488281250000000000e+00 -2.961813157097462068e-02
2.492187500000000000e+00 -2.486574864455059347e-02
2.496093750000000000e+00 -1.990675343546232864e-02
2.500000000000000000e+00 -1.497059138662986538e-02
2.503906250000000000e+00 -1.473916987119047728e-02
2.507812500000000000e+00 -1.505023356229418657e-02
2.511718750000000000e+00 -1.487034956796291080e-02
2.515625000000000000e+00 -1.623554209694524908e-02
2.519531250000000000e+00 -1.594605627708066409e-02
2.523437500000000000e+00 -1.618248664717248167e-02
2.527343750000000000e+00 -1.772107144378558263e-02
2.531250000000000000e+00 -1.932962563352296284e-02
2.535156250000000000e+00 -1.909664153233747025e-02
2.539062500000000000e+00 -1.905848963402986818e-02
2.542968750000000000e+00 -1.960247909610465106e-02
2.546875000000000000e+00 -1.981592291426739413e-02
2.550781250000000000e+00 -2.143071226632426232e-02
2.554687500000000000e+00 -2.321361314449777238e-02
2.558593750000000000e+00 -2.474955855952682554e-02
2.562500000000000000e+00 -2.671851116051475461e-02
2.566406250000000000e+00 -2.634715345507454565e-02
2.570312500000000000e+00 -2.585850981163656526e-02
2.574218750000000000e+00 -2.588975064267173484e-02
2.578125000000000000e+00 -2.529335322219055868e-02
2.582031250000000000e+00 -2.565836091137298908e-02
2.585937500000000000e+00 -2.594002386137886709e-02
2.589843750000000000e+00 -2.574919284991213780e-02
2.593750000000000000e+00 -2.568839818185126092e-02
2.597656250000000000e+00 -2.701810741673928151e-02
2.601562500000000000e+00 -2.845825330027078673e-02
2.605468750000000000e+00 -2.974692855909549100e-02
2.609375000000000000e+00 -3.147085461246820759e-02
2.613281250000000000e+00 -3.256732203546886667e-02
2.617187500000000000e+00 -3.378559189174661775e-02
2.621093750000000000e+00 -3.538107002807993479e-02
2.625000000000000000e+00 -3.693836016918843751e-02
2.628906250000000000e+00 -3.638593834288071649e-02
2.632812500000000000e+00 -3.565862068812700181e-02
2.636718750000000000e+00 -3.520404329944178123e-02
2.640625000000000000e+00 -3.409886262903305543e-02
2.644531250000000000e+00 -3.387656390277311164e-02
2.648437500000000000e+00 -3.347742815504146929e-02
2.652343750000000000e+00 -3.253084853732148701e-02
2.656250000000000000e+00 -3.163095957753784410e-02
2.660156250000000000e+00 -3.157425836657105217e-02
2.664062500000000000e+00 -3.148810865670784165e-02
2.667968750000000000e+00 -3.121362699092086399e-02
2.671875000000000000e+00 -3.113692505738141492e-02
2.675781250000000000e+00 -3.050586623376531220e-02
2.679687500000000000e+00 -2.985889659183115982e-02
2.683593750000000000e+00 -2.937599898049559136e-02
2.687500000000000000e+00 -2.876116891961165781e-02
2.691406250000000000e+00 -2.945102161802060428e-02
2.695312500000000000e+00 -3.027732991128880696e-02
2.699218750000000000e+00 -3.091174659580601253e-02
2.703125000000000000e+00 -3.195272947331016800e-02
2.707031250000000000e+00 -3.255607975878806182e-02
2.710937500000000000e+00 -3.327996100835120541e-02
2.714843750000000000e+00 -3.433081373427215865e-02
2.718750000000000000e+00 -3.538776683805054668e-02
2.722656250000000000e+00 -3.580668174628793415e-02
2.726562500000000000e+00 -3.624558483225636535e-02
2.730468750000000000e+00 -3.683791708480885913e-02
2.734375000000000000e+00 -3.728291266801118942e-02
2.738281250000000000e+00 -3.812854456302646605e-02
2.742187500000000000e+00 -3.898797039242545698e-02
2.746093750000000000e+00 -3.972954075431416737e-02
2.750000000000000000e+00 -4.056757143902910839e-02
2.753906250000000000e+00 -3.866711328214013366e-02
2.757812500000000000e+00 -3.644354204354764010e-02
2.761718750000000000e+00 -3.453343074874124646e-02
2.765625000000000000e+00 -3.172926573785436050e-02
2.769531250000000000e+00 -2.983600482830833095e-02
2.773437500000000000e+00 -2.764010047327488187e-02
2.777343750000000000e+00 -2.470209989489418126e-02
2.781250000000000000e+00 -2.171300735130802378e-02
2.785156250000000000e+00 -1.988570693966586894e-02
2.789062500000000000e+00 -1.795522620031493252e-02
2.792968750000000000e+00 -1.567299398281300771e-02
2.796875000000000000e+00 -1.361158763367880352e-02
2.800781250000000000e+00 -1.070640485308020119e-02
2.804687500000000000e+00 -7.712290986919109054e-03
2.808593750000000000e+00 -4.884699431918942611e-03
2.812500000000000000e+00 -1.806448390920550699e-03
2.816406250000000000e+00 7.905808157875145908e-05
2.820312500000000000e+00 1.910052693782309571e-03
2.824218750000000000e+00 4.020088900171860449e-03
2.828125000000000000e+00 5.816457194791596619e-03
2.832031250000000000e+00 8.102495161656349254e-03
2.835937500000000000e+00 1.035355188556869206e-02
2.839843750000000000e+00 1.237255633845907310e-02
2.843750000000000000e+00 1.446325033456234699e-02
2.847656250000000000e+00 1.729156402471632159e-02
2.851562500000000000e+00 2.018557041810423516e-02
2.855468750000000000e+00 2.300644633343465126e-02
2.859375000000000000e+00 2.606311850298441424e-02
2.863281250000000000e+00 2.879964624491156144e-02
2.867187500000000000e+00 3.160743700911702175e-02
2.871093750000000000e+00 3.462015600693060108e-02
2.875000000000000000e+00 3.762063197333768289e-02
2.878906250000000000e+00 3.910440093457404065e-02
2.882812500000000000e+00 4.045153426587533990e-02
2.886718750000000000e+00 4.198972125000682148e-02
2.890625000000000000e+00 4.305443420566133772e-02
2.894531250000000000e+00 4.472766521759217323e-02
2.898437500000000000e+00 4.626534857986494553e-02
2.902343750000000000e+00 4.740564291138890662e-02
2.906250000000000000e+00 4.856685842453282304e-02
2.910156250000000000e+00 5.034072854700642752e-02
2.914062500000000000e+00 5.208585127192719155e-02
2.917968750000000000e+00 5.368347309699238179e-02
2.921875000000000000e+00 5.541878255133497050e-02
2.925781250000000000e+00 5.674172197183417754e-02
2.929687500000000000e+00 5.804528387948397483e-02
2.933593750000000000e+00 5.946117004441012904e-02
2.937500000000000000e+00 6.077309822554973623e-02
2.941406250000000000e+00 6.296797575598547803e-02
2.945312500000000000e+00 6.524710491756532948e-02
2.949218750000000000e+00 6.738452727144325638e-02
2.953125000000000000e+00 6.979043731075910972e-02
2.957031250000000000e+00 7.188974244318682705e-02
2.960937500000000000e+00 7.406197816617687835e-02
2.964843750000000000e+00 7.644784497673565160e-02
2.968750000000000000e+00 7.882892885111512926e-02
2.972656250000000000e+00 8.076070292829318209e-02
2.976562500000000000e+00 8.269637516366815100e-02
2.980468750000000000e+00 8.472812832808608585e-02
2.984375000000000000e+00 8.664861827424925889e-02
2.988281250000000000e+00 8.883486527639994357e-02
2.992187500000000000e+00 9.102082574525077741e-02
2.996093750000000000e+00 9.311591034951130497e-02
3.000000000000000000e+00 9.526754600378072035e-02
3.003906250000000000e+00 9.495840606240610327e-02
3.007812500000000000e+00 9.434598886950396057e-02
3.011718750000000000e+00 9.399423353539303194e-02
3.015625000000000000e+00 9.282784004745667228e-02
3.019531250000000000e+00 9.246563141299260491e-02
3.023437500000000000e+00 9.181705469329785874e-02
3.027343750000000000e+00 9.048818156201669793e-02
3.031250000000000000e+00 8.909928639226402658e-02
3.035156250000000000e+00 8.872063252787444620e-02
3.039062500000000000e+00 8.823284903434623627e-02
3.042968750000000000e+00 8.741692012582123750e-02
3.046875000000000000e+00 8.677885232266517590e-02
3.050781250000000000e+00 8.537525269256270033e-02
3.054687500000000000e+00 8.387541057619847529e-02
3.058593750000000000e+00 8.250565792039353530e-02
3.062500000000000000e+00 8.089621576167239925e-02
3.066406250000000000e+00 8.035740728752785444e-02
3.070312500000000000e+00 7.985329361574257379e-02
3.074218750000000000e+00 7.908134743300618275e-02
3.078125000000000000e+00 7.858027087950689160e-02
3.082031250000000000e+00 7.761744639463988293e-02
3.085937500000000000e+00 7.667185029962872433e-02
3.089843750000000000e+00 7.592315584869266387e-02
3.093750000000000000e+00 7.509423451275079597e-02
3.097656250000000000e+00 7.358195356461871839e-02
3.101562500000000000e+00 7.199548345949480233e-02
3.105468750000000000e+00 7.046049336844163735e-02
3.109375000000000000e+00 6.869704236278903475e-02
3.113281250000000000e+00 6.720941240302079345e-02
3.117187500000000000e+00 6.564248779944895085e-02
3.121093750000000000e+00 6.387503119153933873e-02
3.125000000000000000e+00 6.210405328264433089e-02
3.128906250000000000e+00 6.163509318087020961e-02
3.132812500000000000e+00 6.126801546048234182e-02
3.136718750000000000e+00 6.071872101538718786e-02
3.140625000000000000e+00 6.056448495212356231e-02
3.144531250000000000e+00 5.986316922255662670e-02
3.148437500000000000e+00 5.926304457541745757e-02
3.152343750000000000e+00 5.899207137500421527e-02
3.156250000000000000e+00 5.868591503092024375e-02
3.160156250000000000e+00 5.783242610171994424e-02
3.164062500000000000e+00 5.698742495995856583e-02
3.167968750000000000e+00 5.625362276431111752e-02
3.171875000000000000e+00 5.538402243573034567e-02
3.175781250000000000e+00 5.485556553967801258e-02
3.179687500000000000e+00 5.432741869954432062e-02
3.183593750000000000e+00 5.368539411522901122e-02
3.187500000000000000e+00 5.311704431262252030e-02
3.191406250000000000e+00 5.176024023605094171e-02
3.195312500000000000e+00 5.031310782364795120e-02
3.199218750000000000e+00 4.897299452937685371e-02
3.203125000000000000e+00 4.738146911609563555e-02
3.207031250000000000e+00 4.604143150134738793e-02
3.210937500000000000e+00 4.462091442387029067e-02
3.214843750000000000e+00 4.299688709636321354e-02
3.218750000000000000e+00 4.136036416493445861e-02
3.222656250000000000e+00 4.009945266559316462e-02
3.226562500000000000e+00 3.881837009025267127e-02
3.230468750000000000e+00 3.743664358819556726e-02
3.234375000000000000e+00 3.613532413893862788e-02
3.238281250000000000e+00 3.458512167021172978e-02
3.242187500000000000e+00 3.301841128069327169e-02
3.246093750000000000e+00 3.151431265574132501e-02
3.250000000000000000e+00 2.994405989833989409e-02
3.253906250000000000e+00 2.938450465116754229e-02
3.257812500000000000e+00 2.893223453701434383e-02
3.261718750000000000e+00 2.834399812625876258e-02
3.265625000000000000e+00 2.807507314832331791e-02
3.269531250000000000e+00 2.745761511883040851e-02
3.273437500000000000e+00 2.693826776850948707e-02
3.277343750000000000e+00 2.667985880937149765e-02
3.281250000000000000e+00 2.642729732171934104e-02
3.285156250000000000e+00 2.571243865770401343e-02
3.289062500000000000e+00 2.502006057225326235e-02
3.292968750000000000e+00 2.444646601737856390e-02
3.296875000000000000e+00 2.377149002400788524e-02
3.300781250000000000e+00 2.340165460715412649e-02
3.304687500000000000e+00 2.304914599507846065e-02
3.308593750000000000e+00 2.261637755458111715e-02
3.312500000000000000e+00 2.226254663853382068e-02
3.316406250000000000e+00 2.147099753985244261e-02
3.320312500000000000e+00 2.064622557721619567e-02
3.324218750000000000e+00 1.990792487545820638e-02
3.328125000000000000e+00 1.904464621835039520e-02
3.332031250000000000e+00 1.834024242933650350e-02
3.335937500000000000e+00 1.760989756200390804e-02
3.339843750000000000e+00 1.678392398638252694e-02
3.343750000000000000e+00 1.596950734455908349e-02
3.347656250000000000e+00 1.540655724635681123e-02
3.351562500000000000e+00 1.485367321338797522e-02
3.355468750000000000e+00 1.426077297229601769e-02
3.359375000000000000e+00 1.373898991184929926e-02
3.363281250000000000e+00 1.308888602829844788e-02
3.367187500000000000e+00 1.245078823809152302e-02
3.371093750000000000e+00 1.187265585160018726e-02
3.375000000000000000e+00 1.127660218891070147e-02
3.378906250000000000e+00 1.005762798996286470e-02
3.382812500000000000e+00 8.767903654198348773e-03
3.386718750000000000e+00 7.539494263002111292e-03
3.390625000000000000e+00 6.105846475044325768e-03
3.394531250000000000e+00 4.898523606333565067e-03
3.398437500000000000e+00 3.621167282185560731e-03
3.402343750000000000e+00 2.169299234372562123e-03
3.406250000000000000e+00 7.096634050166721356e-04
3.410156250000000000e+00 -5.182997361116464157e-04
3.414062500000000000e+00 -1.773375151053299854e-03
3.417968750000000000e+00 -3.103693760991974981e-03
3.421875000000000000e+00 -4.394037708126736878e-03
3.425781250000000000e+00 -5.866030999098781513e-03
3.429687500000000000e+00 -7.361420228730840287e-03
3.433593750000000000e+00 -8.827132992574003578e-03
3.437500000000000000e+00 -1.035029016979070043e-02
3.441406250000000000e+00 -1.154032962180149072e-02
3.445312500000000000e+00 -1.271287752336196404e-02
3.449218750000000000e+00 -1.395740209213966812e-02
3.453125000000000000e+00 -1.511168098357892550e-02
3.457031250000000000e+00 -1.640273096432067271e-02
3.460937500000000000e+00 -1.768081468118779323e-02
3.464843750000000000e+00 -1.889038285200938388e-02
3.468750000000000000e+00 -2.011763344993481098e-02
3.472656250000000000e+00 -2.153872433446044413e-02
3.476562500000000000e+00 -2.297416370025459967e-02
3.480468750000000000e+00 -2.438741017795567970e-02
3.484375000000000000e+00 -2.586060487082717657e-02
3.488281250000000000e+00 -2.724447582919495639e-02
3.492187500000000000e+00 -2.864434299721726335e-02
3.496093750000000000e+00 -3.009607429778152904e-02
3.500000000000000000e+00 -3.154130297491321289e-02
3.503906250000000000e+00 -3.136892603464903201e-02
3.507812500000000000e+00 -3.100511283425108969e-02
3.511718750000000000e+00 -3.080611103670270398e-02
3.515625000000000000e+00 -3.007277506111342633e-02
3.519531250000000000e+00 -2.989845647870302547e-02
3.523437500000000000e+00 -2.953901152554257864e-02
3.527343750000000000e+00 -2.872910849243594938e-02
3.531250000000000000e+00 -2.788954645955505143e-02
3.535156250000000000e+00 -2.768133054985960975e-02
3.539062500000000000e+00 -2.740185943055330892e-02
3.542968750000000000e+00 -2.691703625163373303e-02
3.546875000000000000e+00 -2.654208988113069059e-02
3.550781250000000000e+00 -2.568012690056207387e-02
3.554687500000000000e+00 -2.475599112026289489e-02
3.558593750000000000e+00 -2.391275273357171272e-02
3.562500000000000000e+00 -2.291611005901560139e-02
3.566406250000000000e+00 -2.270664930912901294e-02
3.570312500000000000e+00 -2.253151294625542478e-02
3.574218750000000000e+00 -2.217448850194705945e-02
3.578125000000000000e+00 -2.202450065211406308e-02
3.582031250000000000e+00 -2.154399756379472841e-02
3.585937500000000000e+00 -2.108619878676127463e-02
3.589843750000000000e+00 -2.078276789570465688e-02
3.593750000000000000e+00 -2.042992753455157018e-02
3.597656250000000000e+00 -1.959960572145215407e-02
3.601562500000000000e+00 -1.872627676519025841e-02
3.605468750000000000e+00 -1.789891431299265104e-02
3.609375000000000000e+00 -1.691832095522898677e-02
3.613281250000000000e+00 -1.614508618498976603e-02
3.617187500000000000e+00 -1.532500961673835017e-02
3.621093750000000000e+00 -1.437142600420038968e-02
3.625000000000000000e+00 -1.342527607388644371e-02
3.628906250000000000e+00 -1.321397536506621964e-02
3.632812500000000000e+00 -1.305957658613267000e-02
3.636718750000000000e+00 -1.280474143455276326e-02
3.640625000000000000e+00 -1.277334880039981968e-02
3.644531250000000000e+00 -1.242876390179764590e-02
3.648437500000000000e+00 -1.214161700681193508e-02
3.652343750000000000e+00 -1.204162033796076642e-02
3.656250000000000000e+00 -1.192091207013830367e-02
3.660156250000000000e+00 -1.149902889713339156e-02
3.664062500000000000e+00 -1.108284236333350811e-02
3.667968750000000000e+00 -1.072834038205359303e-02
3.671875000000000000e+00 -1.029966177574485886e-02
3.675781250000000000e+00 -1.006114141132243706e-02
3.679687500000000000e+00 -9.823590855607751415e-03
3.683593750000000000e+00 -9.523751585867426192e-03
3.687500000000000000e+00 -9.265641686883700767e-03
3.691406250000000000e+00 -8.548083706729076026e-03
3.695312500000000000e+00 -7.778401706519134755e-03
3.699218750000000000e+00 -7.071165867331179883e-03
3.703125000000000000e+00 -6.217652241477367343e-03
3.707031250000000000e+00 -5.512085613145490878e-03
3.710937500000000000e+00 -4.759972655470264338e-03
3.714843750000000000e+00 -3.889359670512455673e-03
3.718750000000000000e+00 -3.012068349403360101e-03
3.722656250000000000e+00 -2.352930830388022271e-03
3.726562500000000000e+00 -1.682320164189627992e-03
3.730468750000000000e+00 -9.536542288202035219e-04
3.734375000000000000e+00 -2.719005914501297530e-04
3.738281250000000000e+00 5.541404076570147566e-04
3.742187500000000000e+00 1.389497742546020502e-03
3.746093750000000000e+00 2.188235441696600482e-03
3.750000000000000000e+00 3.025131291936034722e-03
3.753906250000000000e+00 2.958661350766832263e-03
3.757812500000000000e+00 2.789934345817784555e-03
3.761718750000000000e+00 2.730474806039081062e-03
3.765625000000000000e+00 2.379509649832372512e-03
3.769531250000000000e+00 2.335138344817392578e-03
3.773437500000000000e+00 2.195414585623019828e-03
3.777343750000000000e+00 1.814701880650498433e-03
3.781250000000000000e+00 1.421930269125121563e-03
3.785156250000000000e+00 1.420479608241647903e-03
3.789062500000000000e+00 1.389910503540372003e-03
3.792968750000000000e+00 1.247525996735257027e-03
3.796875000000000000e+00 1.183689734991118236e-03
3.800781250000000000e+00 8.446710086874193455e-04
3.804687500000000000e+00 4.812465241080005496e-04
3.808593750000000000e+00 1.782977628340138155e-04
3.812500000000000000e+00 -2.027824519703824637e-04
3.816406250000000000e+00 -1.850246769862894786e-04
3.820312500000000000e+00 -1.443326981916240358e-04
3.824218750000000000e+00 -1.909513598958328029e-04
3.828125000000000000e+00 -1.290749459091303382e-04
3.832031250000000000e+00 -2.238834540575318055e-04
3.835937500000000000e+00 -3.022337254578194728e-04
3.839843750000000000e+00 -2.990689209411461413e-04
3.843750000000000000e+00 -3.146429827154199042e-04
3.847656250000000000e+00 -5.691284069568101726e-04
3.851562500000000000e+00 -8.404209059606648118e-04
3.855468750000000000e+00 -1.082616919025523655e-03
3.859375000000000000e+00 -1.397842776760510998e-03
3.863281250000000000e+00 -1.602355504779244631e-03
3.867187500000000000e+00 -1.825511913831261677e-03
3.871093750000000000e+00 -2.111490087503297298e-03
3.875000000000000000e+00 -2.388514751791550889e-03
3.878906250000000000e+00 -2.154384252663969681e-03
3.882812500000000000e+00 -1.869563686782192398e-03
3.886718750000000000e+00 -1.643460261787074023e-03
3.890625000000000000e+00 -1.254301012642478627e-03
3.894531250000000000e+00 -1.062993714973676541e-03
3.898437500000000000e+00 -8.213807518942844912e-04
3.902343750000000000e+00 -4.421196178959257636e-04
3.906250000000000000e+00 -6.473343563117000404e-05
3.910156250000000000e+00 1.131398607927150093e-04
3.914062500000000000e+00 3.056701334023571057e-04
3.917968750000000000e+00 5.525267916205739037e-04
3.921875000000000000e+00 7.584711653705721989e-04
3.925781250000000000e+00 1.107149123031229065e-03
3.929687500000000000e+00 1.467360242992029728e-03
3.933593750000000000e+00 1.795133069215938942e-03
3.937500000000000000e+00 2.162675377763407982e-03
3.941406250000000000e+00 2.241029576771289000e-03
3.945312500000000000e+00 2.296384456638256560e-03
3.949218750000000000e+00 2.404060405644293727e-03
3.953125000000000000e+00 2.427339035431005498e-03
3.957031250000000000e+00 2.557867646187809985e-03
3.960937500000000000e+00 2.669173911701205361e-03
3.964843750000000000e+00 2.714369346262337709e-03
3.968750000000000000e+00 2.766237983464032383e-03
3.972656250000000000e+00 2.972968445829998665e-03
3.976562500000000000e+00 3.183486234250634643e-03
3.980468750000000000e+00 3.367060223954195311e-03
3.984375000000000000e+00 3.592809249971819479e-03
3.988281250000000000e+00 3.735059069697014861e-03
3.992187500000000000e+00 3.882490430008239245e-03
3.996093750000000000e+00 4.065300069597426770e-03
4.000000000000000000e+00 4.234345616398074545e-03
4.003906250000000000e+00 4.199611929366462923e-03
4.007812500000000000e+00 4.141853842730957094e-03
4.011718750000000000e+00 4.101793551686908242e-03
4.015625000000000000e+00 3.993943842927966809e-03
4.019531250000000000e+00 3.963109843692239585e-03
4.023437500000000000e+00 3.908747120839112764e-03
4.027343750000000000e+00 3.795905398801973675e-03
4.031250000000000000e+00 3.680805305921929383e-03
4.035156250000000000e+00 3.634773985059029135e-03
4.039062500000000000e+00 3.578765098374824156e-03
4.042968750000000000e+00 3.498643971095463222e-03
4.046875000000000000e+00 3.429204329758795290e-03
4.050781250000000000e+00 3.301952608575422186e-03
4.054687500000000000e+00 3.166025440221060389e-03
4.058593750000000000e+00 3.037803160628752865e-03
4.062500000000000000e+00 2.890304715800045329e-03
4.066406250000000000e+00 2.862680131111345130e-03
4.070312500000000000e+00 2.841274304534780176e-03
4.074218750000000000e+00 2.794335204892100469e-03
4.078125000000000000e+00 2.779950231699596791e-03
4.082031250000000000e+00 2.715717848353370063e-03
4.085937500000000000e+00 2.656211580675563524e-03
4.089843750000000000e+00 2.621573128901233309e-03
4.093750000000000000e+00 2.580459983986094219e-03
4.097656250000000000e+00 2.470745609817348414e-03
4.101562500000000000e+00 2.356013961058097805e-03
4.105468750000000000e+00 2.249123047717858318e-03
4.109375000000000000e+00 2.121035882697005614e-03
4.113281250000000000e+00 2.024753053561727766e-03
4.117187500000000000e+00 1.922843762416744789e-03
4.121093750000000000e+00 1.802576158317756869e-03
4.125000000000000000e+00 1.684682793718211662e-03
4.128906250000000000e+00 1.625033673183198975e-03
4.132812500000000000e+00 1.568614987849327588e-03
4.136718750000000000e+00 1.503645724837503672e-03
4.140625000000000000e+00 1.455712107654971808e-03
4.144531250000000000e+00 1.379879252451289562e-03
4.148437500000000000e+00 1.307610817182183749e-03
4.152343750000000000e+00 1.249727067063327503e-03
4.156250000000000000e+00 1.188717204795907822e-03
4.160156250000000000e+00 1.104595514335013698e-03
4.164062500000000000e+00 1.020035810968791985e-03
4.167968750000000000e+00 9.389440882197345106e-04
4.171875000000000000e+00 8.514446924590508489e-04
4.175781250000000000e+00 7.773933832884070104e-04
4.179687500000000000e+00 7.024868539258728251e-04
4.183593750000000000e+00 6.219822237262183058e-04
4.187500000000000000e+00 5.437156036513884861e-04
4.191406250000000000e+00 4.225761708698871151e-04
4.195312500000000000e+00 2.956796573414946310e-04
4.199218750000000000e+00 1.732919120960019481e-04
4.203125000000000000e+00 3.651645722491869358e-05
4.207031250000000000e+00 -8.759202816074989327e-05
4.210937500000000000e+00 -2.170005457471581203e-04
4.214843750000000000e+00 -3.583174678302164930e-04
4.218750000000000000e+00 -5.012401299278312081e-04
4.222656250000000000e+00 -6.257703932552279632e-04
4.226562500000000000e+00 -7.524393791658392800e-04
4.230468750000000000e+00 -8.853793725320811868e-04
4.234375000000000000e+00 -1.015228169279502055e-03
4.238281250000000000e+00 -1.159127047025759619e-03
4.242187500000000000e+00 -1.304962188760526096e-03
4.246093750000000000e+00 -1.448616674262114250e-03
4.250000000000000000e+00 -1.596797743825013579e-03
4.253906250000000000e+00 -1.568638979093378658e-03
4.257812500000000000e+00 -1.520307286581506177e-03
4.261718750000000000e+00 -1.492201994992539606e-03
4.265625000000000000e+00 -1.406785831746777595e-03
4.269531250000000000e+00 -1.381826198034391898e-03
4.273437500000000000e+00 -1.337793785514819738e-03
4.277343750000000000e+00 -1.246049280708597150e-03
4.281250000000000000e+00 -1.151764353475757561e-03
4.285156250000000000e+00 -1.131226384471170762e-03
4.289062500000000000e+00 -1.104361108202700373e-03
4.292968750000000000e+00 -1.055587023651990714e-03
4.296875000000000000e+00 -1.021040837463722687e-03
4.300781250000000000e+00 -9.331161007733635056e-04
4.304687500000000000e+00 -8.398112054481234523e-04
4.308593750000000000e+00 -7.573424371879796529e-04
4.312500000000000000e+00 -6.592016698376880219e-04
4.316406250000000000e+00 -6.421272235242726995e-04
4.320312500000000000e+00 -6.294031875925026800e-04
4.324218750000000000e+00 -5.987187869843637808e-04
4.328125000000000000e+00 -5.899019308988786951e-04
4.332031250000000000e+00 -5.485685473336131485e-04
4.335937500000000000e+00 -5.103194083787241384e-04
4.339843750000000000e+00 -4.884877916516647007e-04
4.343750000000000000e+00 -4.624906331245826258e-04
4.347656250000000000e+00 -3.879238914083028367e-04
4.351562500000000000e+00 -3.096899610786613523e-04
4.355468750000000000e+00 -2.370353118262564628e-04
4.359375000000000000e+00 -1.493370671577818145e-04
4.363281250000000000e+00 -8.378971571222596925e-05
4.367187500000000000e+00 -1.419393036907475585e-05
4.371093750000000000e+00 6.839176670846139794e-05
4.375000000000000000e+00 1.494346845108420439e-04
4.378906250000000000e+00 1.378837560203506737e-04
4.382812500000000000e+00 1.176744786426061121e-04
4.386718750000000000e+00 1.085962388678967777e-04
4.390625000000000000e+00 7.033180921967033196e-05
4.394531250000000000e+00 6.888539439662531860e-05
4.398437500000000000e+00 5.880541397734007574e-05
4.402343750000000000e+00 2.412481015462566853e-05
4.406250000000000000e+00 -9.623268071354132354e-06
4.410156250000000000e+00 -6.844903803588389557e-06
4.414062500000000000e+00 -6.232510112778860650e-06
4.417968750000000000e+00 -1.491783714605295014e-05
4.421875000000000000e+00 -1.571953908533503649e-05
4.425781250000000000e+00 -4.186478244215172378e-05
4.429687500000000000e+00 -6.960133059944121465e-05
4.433593750000000000e+00 -9.097474706770125315e-05
4.437500000000000000e+00 -1.190530909228539627e-04
4.441406250000000000e+00 -9.318016742917771230e-05
4.445312500000000000e+00 -6.251130824728369398e-05
4.449218750000000000e+00 -4.092725808908068179e-05
4.453125000000000000e+00 -3.201002968351559440e-06
4.457031250000000000e+00 1.523756976207026712e-05
4.460937500000000000e+00 3.778290464071801995e-05
4.464843750000000000e+00 7.310199708182571802e-05
4.468750000000000000e+00 1.077359287120807472e-04
4.472656250000000000e+00 1.143988782635051599e-04
4.476562500000000000e+00 1.209251501525866111e-04
4.480468750000000000e+00 1.329714594292643649e-04
4.484375000000000000e+00 1.378069030209687937e-04
4.488281250000000000e+00 1.585933838399554300e-04
4.492187500000000000e+00 1.789847660441751210e-04
4.496093750000000000e+00 1.934159655857677594e-04
4.500000000000000000e+00 2.109445116307856623e-04
4.503906250000000000e+00 2.063368027204601413e-04
4.507812500000000000e+00 1.989682963441922103e-04
4.511718750000000000e+00 1.947240086639473683e-04
4.515625000000000000e+00 1.833685173592858070e-04
4.519531250000000000e+00 1.782851293466563289e-04
4.523437500000000000e+00 1.708343857954791926e-04
4.527343750000000000e+00 1.577234715351797387e-04
4.531250000000000000e+00 1.439877544188824425e-04
4.535156250000000000e+00 1.415451819185757989e-04
4.539062500000000000e+00 1.384901699362444218e-04
4.542968750000000000e+00 1.323258197214122807e-04
4.546875000000000000e+00 1.285520645732661255e-04
4.550781250000000000e+00 1.173707248851060787e-04
4.554687500000000000e+00 1.056647045281789300e-04
4.558593750000000000e+00 9.579126862826461627e-05
4.562500000000000000e+00 8.392668463278948887e-05
4.566406250000000000e+00 7.814447674445568323e-05
4.570312500000000000e+00 7.251993754007995507e-05
4.574218750000000000e+00 6.514190154091969542e-05
4.578125000000000000e+00 5.921891903714924735e-05
4.582031250000000000e+00 5.081563374454973174e-05
4.585937500000000000e+00 4.241684574254977975e-05
4.589843750000000000e+00 3.499613866061641751e-05
4.593750000000000000e+00 2.708655194184260046e-05
4.597656250000000000e+00 1.473002125181176727e-05
4.601562500000000000e+00 1.819158598194311517e-06
4.605468750000000000e+00 -1.081042463066266655e-05
4.609375000000000000e+00 -2.497053004079527474e-05
4.613281250000000000e+00 -3.748464857361512477e-05
4.617187500000000000e+00 -5.057612905595850437e-05
4.621093750000000000e+00 -6.500995349522067294e-05
4.625000000000000000e+00 -7.954847118285907840e-05
4.628906250000000000e+00 -7.573790784925654208e-05
4.632812500000000000e+00 -7.008255280289678530e-05
4.636718750000000000e+00 -6.664554155788915998e-05
4.640625000000000000e+00 -5.737802037623056109e-05
4.644531250000000000e+00 -5.501650921731259994e-05
4.648437500000000000e+00 -5.086570165169650338e-05
4.652343750000000000e+00 -4.183729450644386246e-05
4.656250000000000000e+00 -3.283977901369230737e-05
4.660156250000000000e+00 -3.135529313228325836e-05
4.664062500000000000e+00 -2.938743928734206912e-05
4.667968750000000000e+00 -2.542283699263372831e-05
4.671875000000000000e+00 -2.304012699399506534e-05
4.675781250000000000e+00 -1.542797955455172982e-05
4.679687500000000000e+00 -7.439599303839776846e-06
4.683593750000000000e+00 -7.071061224267269914e-07
4.687500000000000000e+00 7.444462356300170552e-06
4.691406250000000000e+00 5.862248308815955173e-06
4.695312500000000000e+00 3.503754887295480413e-06
4.699218750000000000e+00 2.929538695343475609e-06
4.703125000000000000e+00 -4.794071546126457245e-07
4.707031250000000000e+00 -3.104880709034857971e-07
4.710937500000000000e+00 -7.831081342476110602e-07
4.714843750000000000e+00 -3.467364268824417185e-06
4.718750000000000000e+00 -5.930927325724466600e-06
4.722656250000000000e+00 -3.114157082161310368e-06
4.726562500000000000e+00 -1.594659645336177156e-07
4.730468750000000000e+00 1.882249841997671420e-06
4.734375000000000000e+00 5.367134600267002548e-06
4.738281250000000000e+00 6.024188635909103758e-06
4.742187500000000000e+00 6.865195354987868923e-06
4.746093750000000000e+00 8.916573535311883171e-06
4.750000000000000000e+00 1.050872815266372265e-05
4.753906250000000000e+00 9.912103050774991297e-06
4.757812500000000000e+00 9.134961065298972455e-06
4.761718750000000000e+00 8.510541969416971631e-06
4.765625000000000000e+00 7.173109917877148632e-06
4.769531250000000000e+00 6.899234004359833200e-06
4.773437500000000000e+00 6.404142443054539742e-06
4.777343750000000000e+00 5.263951390030446576e-06
4.781250000000000000e+00 4.181017589611510813e-06
4.785156250000000000e+00 3.612761969321754737e-06
4.789062500000000000e+00 2.950138483551719015e-06
4.792968750000000000e+00 2.113101201618909774e-06
4.796875000000000000e+00 1.349384294235830002e-06
4.800781250000000000e+00 9.062593298689481426e-08
4.804687500000000000e+00 -1.243969373737164770e-06
4.808593750000000000e+00 -2.519576295937808271e-06
4.812500000000000000e+00 -3.962905942221581653e-06
4.816406250000000000e+00 -3.491337555818447596e-06
4.820312500000000000e+00 -2.858429514995772929e-06
4.824218750000000000e+00 -2.534002078649794893e-06
4.828125000000000000e+00 -1.635995682373934863e-06
4.832031250000000000e+00 -1.464008748964848933e-06
4.835937500000000000e+00 -1.147801520461115898e-06
4.839843750000000000e+00 -3.706222363615581617e-07
4.843750000000000000e+00 3.708645014762242592e-07
4.847656250000000000e+00 1.745483081759475247e-07
4.851562500000000000e+00 -2.388286579877563679e-08
4.855468750000000000e+00 -3.901248927183183761e-08
4.859375000000000000e+00 -2.954639704887548734e-07
4.863281250000000000e+00 -7.944195646195404473e-09
4.867187500000000000e+00 2.673772265366207287e-07
4.871093750000000000e+00 3.420068677907632719e-07
4.875000000000000000e+00 5.235185619803071625e-07
4.878906250000000000e+00 4.550809204669742647e-07
4.882812500000000000e+00 3.573464014464826350e-07
4.886718750000000000e+00 3.190383644718351750e-07
4.890625000000000000e+00 2.082878426703775041e-07
4.894531250000000000e+00 1.469685231281082152e-07
4.898437500000000000e+00 6.722295172304844675e-08
4.902343750000000000e+00 -6.197144394884257373e-08
4.906250000000000000e+00 -1.974220657339184504e-07
4.910156250000000000e+00 -1.423998116112024913e-07
4.914062500000000000e+00 -8.150121447620634845e-08
4.917968750000000000e+00 -5.718060194356633707e-08
4.921875000000000000e+00 1.847554220471130226e-08
4.925781250000000000e+00 -1.189784660646533752e-09
4.929687500000000000e+00 -1.471927627208215608e-08
4.933593750000000000e+00 1.332006491263679388e-08
4.937500000000000000e+00 2.608038582370767779e-08
4.941406250000000000e+00 1.780210426003648066e-08
4.945312500000000000e+00 1.037637954742760143e-08
4.949218750000000000e+00 3.348879379775510883e-09
4.953125000000000000e+00 -9.835073707754515882e-09
4.957031250000000000e+00 -4.060186730724110526e-09
4.960937500000000000e+00 9.204053189219887225e-10
4.964843750000000000e+00 -7.332775418115711156e-10
4.968750000000000000e+00 1.299259613910382235e-09
4.972656250000000000e+00 5.169252853737798394e-10
4.976562500000000000e+00 -4.899587818482922468e-10
4.980468750000000000e+00 4.585229173322251707e-11
4.984375000000000000e+00 6.472586547412407162e-11
4.988281250000000000e+00 -2.440852148581115036e-11
4.992187500000000000e+00 3.224480786226744934e-12
4.996093750000000000e+00 1.606355707194373717e-13
