0.000000000000000000e+00 -0.000000000000000000e+00
3.906250000000000000e-03 1.278639062994732728e-04
7.812500000000000000e-03 3.924572158870617811e-04
1.171875000000000000e-02 7.386026759493653695e-04
1.562500000000000000e-02 1.204582831538741341e-03
1.953125000000000000e-02 1.713338161702174017e-03
2.343750000000000000e-02 2.267019350800294954e-03
2.734375000000000000e-02 2.933198678905791969e-03
3.125000000000000000e-02 3.697268744971820426e-03
3.515625000000000000e-02 4.470914588207146496e-03
3.906250000000000000e-02 5.258809497340232939e-03
4.296875000000000000e-02 6.094868348741264846e-03
4.687500000000000000e-02 6.958242779579800787e-03
5.078125000000000000e-02 7.926679228707322888e-03
5.468750000000000000e-02 9.002970583980328401e-03
5.859375000000000000e-02 1.013689235525982481e-02
6.250000000000000000e-02 1.134815789718970208e-02
6.640625000000000000e-02 1.254636717169280678e-02
7.031250000000000000e-02 1.372273648238959108e-02
7.421875000000000000e-02 1.492990301428303961e-02
7.812500000000000000e-02 1.614105023017812016e-02
8.203125000000000000e-02 1.739958024324392630e-02
8.593750000000000000e-02 1.870719527168883400e-02
8.984375000000000000e-02 2.002320496624661675e-02
9.375000000000000000e-02 2.135718098854444413e-02
9.765625000000000000e-02 2.279269902952882690e-02
1.015625000000000000e-01 2.432963727889090114e-02
1.054687500000000000e-01 2.593573937081584263e-02
1.093750000000000000e-01 2.763313645233588314e-02
1.132812500000000000e-01 2.935917058730712001e-02
1.171875000000000000e-01 3.111352270260258485e-02
1.210937500000000000e-01 3.294227170794427478e-02
1.250000000000000000e-01 3.483130292724515714e-02
1.289062500000000000e-01 3.668743903284609614e-02
1.328125000000000000e-01 3.850900908788888050e-02
1.367187500000000000e-01 4.032846990215425975e-02
1.406250000000000000e-01 4.211968107416264734e-02
1.445312500000000000e-01 4.395235863116305625e-02
1.484375000000000000e-01 4.582488006213455284e-02
1.523437500000000000e-01 4.768343413066257475e-02
1.562500000000000000e-01 4.954229710448802837e-02
1.601562500000000000e-01 5.145073025280633150e-02
1.640625000000000000e-01 5.340514784425264699e-02
1.679687500000000000e-01 5.539060084075467238e-02
1.718750000000000000e-01 5.741865696005918340e-02
1.757812500000000000e-01 5.944136842876424770e-02
1.796875000000000000e-01 6.145793212186188847e-02
1.835937500000000000e-01 6.349882479714620553e-02
1.875000000000000000e-01 6.555235196967204581e-02
1.914062500000000000e-01 6.770302888543207331e-02
1.953125000000000000e-01 6.995843833153303493e-02
1.992187500000000000e-01 7.227426373447717878e-02
2.031250000000000000e-01 7.467581733074994677e-02
2.070312500000000000e-01 7.711964247945310436e-02
2.109375000000000000e-01 7.960548336137272807e-02
2.148437500000000000e-01 8.217366016100817461e-02
2.187500000000000000e-01 8.481536433675884723e-02
2.226562500000000000e-01 8.746134991936310721e-02
2.265625000000000000e-01 9.011314203447991222e-02
2.304687500000000000e-01 9.279780198662056223e-02
2.343750000000000000e-01 9.549783711208736925e-02
2.382812500000000000e-01 9.826847849702902149e-02
2.421875000000000000e-01 1.011108811990690248e-01
2.460937500000000000e-01 1.039866374203372718e-01
2.500000000000000000e-01 1.069089516202416656e-01
2.539062500000000000e-01 1.097852603506733471e-01
2.578125000000000000e-01 1.126060559039592790e-01
2.617187500000000000e-01 1.154194761279547926e-01
2.656250000000000000e-01 1.181970653845469815e-01
2.695312500000000000e-01 1.209845905315325570e-01
2.734375000000000000e-01 1.237816008977181276e-01
2.773437500000000000e-01 1.265436695923030930e-01
2.812500000000000000e-01 1.292794287834528322e-01
2.851562500000000000e-01 1.320671229521312440e-01
2.890625000000000000e-01 1.349045309131696735e-01
2.929687500000000000e-01 1.377596937644492425e-01
2.968750000000000000e-01 1.406519272563311329e-01
3.007812500000000000e-01 1.435181931961765356e-01
3.046875000000000000e-01 1.463564530792926532e-01
3.085937500000000000e-01 1.492095639088989734e-01
3.125000000000000000e-01 1.520619270362234265e-01
3.164062500000000000e-01 1.549631431066162968e-01
3.203125000000000000e-01 1.579195484852458087e-01
3.242187500000000000e-01 1.608995255984304595e-01
3.281250000000000000e-01 1.639183116140935093e-01
3.320312500000000000e-01 1.669562676447038929e-01
3.359375000000000000e-01 1.700123328107931708e-01
3.398437500000000000e-01 1.731073512147756621e-01
3.437500000000000000e-01 1.762371172810940356e-01
3.476562500000000000e-01 1.793498807304295950e-01
3.515625000000000000e-01 1.824454972260299845e-01
3.554687500000000000e-01 1.855451009600230239e-01
3.593750000000000000e-01 1.886350075855714736e-01
3.632812500000000000e-01 1.917528851928255451e-01
3.671875000000000000e-01 1.948991917517459704e-01
3.710937500000000000e-01 1.980460755998838251e-01
3.750000000000000000e-01 2.012021554277528268e-01
3.789062500000000000e-01 2.044535193187503597e-01
3.828125000000000000e-01 2.078033042512127115e-01
3.867187500000000000e-01 2.112191805884482410e-01
3.906250000000000000e-01 2.147259123391357105e-01
3.945312500000000000e-01 2.182636481455212107e-01
3.984375000000000000e-01 2.218339572630200207e-01
4.023437500000000000e-01 2.254850881232594306e-01
4.062500000000000000e-01 2.292051307667396787e-01
4.101562500000000000e-01 2.329443284310225570e-01
4.140625000000000000e-01 2.367060498433749827e-01
4.179687500000000000e-01 2.405071211997606428e-01
4.218750000000000000e-01 2.443359292979528086e-01
4.257812500000000000e-01 2.482393195124681928e-01
4.296875000000000000e-01 2.522185253006906103e-01
4.335937500000000000e-01 2.562437914845794862e-01
4.375000000000000000e-01 2.603268014829004939e-01
4.414062500000000000e-01 2.643970742792947637e-01
4.453125000000000000e-01 2.684482187387914887e-01
4.492187500000000000e-01 2.725186690068711060e-01
4.531250000000000000e-01 2.765874581905607976e-01
4.570312500000000000e-01 2.806902019605739818e-01
4.609375000000000000e-01 2.848275800585171602e-01
4.648437500000000000e-01 2.889666443368230642e-01
4.687500000000000000e-01 2.931148934904730385e-01
4.726562500000000000e-01 2.973325831533972785e-01
4.765625000000000000e-01 3.016189212151457744e-01
4.804687500000000000e-01 3.059506116399650644e-01
4.843750000000000000e-01 3.103432084918053002e-01
4.882812500000000000e-01 3.147498372367720232e-01
4.921875000000000000e-01 3.191698689062422156e-01
4.960937500000000000e-01 3.236367036512748374e-01
5.000000000000000000e-01 3.281394313733512758e-01
5.039062500000000000e-01 3.325842777173330655e-01
5.078125000000000000e-01 3.369677876237305858e-01
5.117187500000000000e-01 3.413239943620740569e-01
5.156250000000000000e-01 3.456257553135051452e-01
5.195312500000000000e-01 3.499388240996554322e-01
5.234375000000000000e-01 3.542610856438923594e-01
5.273437500000000000e-01 3.585393441166520034e-01
5.312500000000000000e-01 3.627864387170799398e-01
5.351562500000000000e-01 3.670554300991296093e-01
5.390625000000000000e-01 3.713422883705301270e-01
5.429687500000000000e-01 3.756288581141835614e-01
5.468750000000000000e-01 3.799272513431884990e-01
5.507812500000000000e-01 3.841864968572232808e-01
5.546875000000000000e-01 3.884049666057488581e-01
5.585937500000000000e-01 3.926144268621487021e-01
5.625000000000000000e-01 3.968019291776680446e-01
5.664062500000000000e-01 4.010475985002148747e-01
5.703125000000000000e-01 4.053582976153859430e-01
5.742187500000000000e-01 4.096903142348075622e-01
5.781250000000000000e-01 4.140672543566012442e-01
5.820312500000000000e-01 4.184477170992479400e-01
5.859375000000000000e-01 4.228307068112207023e-01
5.898437500000000000e-01 4.272537568321786439e-01
5.937500000000000000e-01 4.317079414958923111e-01
5.976562500000000000e-01 4.361249516979878726e-01
6.015625000000000000e-01 4.405054730534611052e-01
6.054687500000000000e-01 4.448754410679135463e-01
6.093750000000000000e-01 4.492170446292802488e-01
6.132812500000000000e-01 4.535831500480688172e-01
6.171875000000000000e-01 4.579741987411058424e-01
6.210937500000000000e-01 4.623521328432873556e-01
6.250000000000000000e-01 4.667290579038380072e-01
6.289062500000000000e-01 4.711563404779025577e-01
6.328125000000000000e-01 4.756338631348500656e-01
6.367187500000000000e-01 4.801463874742322169e-01
6.406250000000000000e-01 4.847080628641543543e-01
6.445312500000000000e-01 4.892770616085996283e-01
6.484375000000000000e-01 4.938546121531184330e-01
6.523437500000000000e-01 4.984718697788532715e-01
6.562500000000000000e-01 5.031202789808711939e-01
6.601562500000000000e-01 5.077771451776006417e-01
6.640625000000000000e-01 5.124447850144051575e-01
6.679687500000000000e-01 5.171290553751656249e-01
6.718750000000000000e-01 5.218248740587969614e-01
6.757812500000000000e-01 5.265565629598638608e-01
6.796875000000000000e-01 5.313245236557777584e-01
6.835937500000000000e-01 5.361139423292695660e-01
6.875000000000000000e-01 5.409308254833496976e-01
6.914062500000000000e-01 5.457225878493006110e-01
6.953125000000000000e-01 5.504849405764709047e-01
6.992187500000000000e-01 5.552447509174029960e-01
7.031250000000000000e-01 5.599864259172359082e-01
7.070312500000000000e-01 5.647381763713992253e-01
7.109375000000000000e-01 5.695001494300069300e-01
7.148437500000000000e-01 5.742468635777855379e-01
7.187500000000000000e-01 5.789841092644072429e-01
7.226562500000000000e-01 5.837534557760606369e-01
7.265625000000000000e-01 5.885539214235450123e-01
7.304687500000000000e-01 5.933695982173412542e-01
7.343750000000000000e-01 5.982109915708395675e-01
7.382812500000000000e-01 6.030446097454391641e-01
7.421875000000000000e-01 6.078698336123737889e-01
7.460937500000000000e-01 6.127099190841895915e-01
7.500000000000000000e-01 6.175569012001711489e-01
7.539062500000000000e-01 6.224964597082915940e-01
7.578125000000000000e-01 6.275364275374004652e-01
7.617187500000000000e-01 6.326349149011398776e-01
7.656250000000000000e-01 6.378180410627649621e-01
7.695312500000000000e-01 6.430403063523548735e-01
7.734375000000000000e-01 6.483025112774174481e-01
7.773437500000000000e-01 6.536472160464195102e-01
7.812500000000000000e-01 6.590658472302096671e-01
7.851562500000000000e-01 6.644907354097644436e-01
7.890625000000000000e-01 6.699243450291599844e-01
7.929687500000000000e-01 6.753938588016715761e-01
7.968750000000000000e-01 6.808828212454896001e-01
8.007812500000000000e-01 6.864473526441969842e-01
8.046875000000000000e-01 6.920893664991034644e-01
8.085937500000000000e-01 6.977713826580160816e-01
8.125000000000000000e-01 7.035074251295194703e-01
8.164062500000000000e-01 7.092469898703738229e-01
8.203125000000000000e-01 7.149842769436572931e-01
8.242187500000000000e-01 7.207504578559257302e-01
8.281250000000000000e-01 7.265302616954203430e-01
8.320312500000000000e-01 7.323454246981186966e-01
8.359375000000000000e-01 7.381970246239772937e-01
8.398437500000000000e-01 7.440632723351302547e-01
8.437500000000000000e-01 7.499489209164537096e-01
8.476562500000000000e-01 7.559043722155979195e-01
8.515625000000000000e-01 7.619297347398761300e-01
8.554687500000000000e-01 7.680049050327466542e-01
8.593750000000000000e-01 7.741432519886752850e-01
8.632812500000000000e-01 7.803077670102536167e-01
8.671875000000000000e-01 7.864981440411158431e-01
8.710937500000000000e-01 7.927417730463149903e-01
8.750000000000000000e-01 7.990302712281819320e-01
8.789062500000000000e-01 8.052914997802794739e-01
8.828125000000000000e-01 8.115233036702880209e-01
8.867187500000000000e-01 8.177521969027263804e-01
8.906250000000000000e-01 8.239576248305271466e-01
8.945312500000000000e-01 8.301910446682354561e-01
8.984375000000000000e-01 8.364512019927623498e-01
9.023437500000000000e-01 8.426972892401748405e-01
9.062500000000000000e-01 8.489396807298523751e-01
9.101562500000000000e-01 8.552189662892256683e-01
9.140625000000000000e-01 8.615323774812420066e-01
9.179687500000000000e-01 8.678666741706979604e-01
9.218750000000000000e-01 8.742313786019169086e-01
9.257812500000000000e-01 8.805879586646263579e-01
9.296875000000000000e-01 8.869355551756950007e-01
9.335937500000000000e-01 8.932987143812499697e-01
9.375000000000000000e-01 8.996679232126477688e-01
9.414062500000000000e-01 9.061043073395715908e-01
9.453125000000000000e-01 9.126134274639416954e-01
9.492187500000000000e-01 9.191624522003634112e-01
9.531250000000000000e-01 9.257696366769203600e-01
9.570312500000000000e-01 9.324039715863072786e-01
9.609375000000000000e-01 9.390650475040195344e-01
9.648437500000000000e-01 9.457816610864870910e-01
9.687500000000000000e-01 9.525474005845666614e-01
9.726562500000000000e-01 9.593108308568865095e-01
9.765625000000000000e-01 9.660728222516243857e-01
9.804687500000000000e-01 9.728533899054591094e-01
9.843750000000000000e-01 9.796393819895233834e-01
9.882812500000000000e-01 9.864712221027002181e-01
9.921875000000000000e-01 9.933495960647702461e-01
9.960937500000000000e-01 1.000246005624473744e+00
1.000000000000000000e+00 1.007169977725602461e+00
1.003906250000000000e+00 1.013631760429924755e+00
1.007812500000000000e+00 1.019594934170770628e+00
1.011718750000000000e+00 1.025276595652487188e+00
1.015625000000000000e+00 1.030529426224602751e+00
1.019531250000000000e+00 1.035640905920285570e+00
1.023437500000000000e+00 1.040603418113730916e+00
1.027343750000000000e+00 1.045161347990226419e+00
1.031250000000000000e+00 1.049368999470447150e+00
1.035156250000000000e+00 1.053574926562706349e+00
1.039062500000000000e+00 1.057761900275565825e+00
1.042968750000000000e+00 1.061794386910283050e+00
1.046875000000000000e+00 1.065755145666042125e+00
1.050781250000000000e+00 1.069341285407251263e+00
1.054687500000000000e+00 1.072541905626172465e+00
1.058593750000000000e+00 1.075553933411299345e+00
1.062500000000000000e+00 1.078300707939191083e+00
1.066406250000000000e+00 1.081116755771456939e+00
1.070312500000000000e+00 1.084035519716244789e+00
1.074218750000000000e+00 1.086859926940982657e+00
1.078125000000000000e+00 1.089689463756501997e+00
1.082031250000000000e+00 1.092366285589642327e+00
1.085937500000000000e+00 1.094883811832445542e+00
1.089843750000000000e+00 1.097391437194400909e+00
1.093750000000000000e+00 1.099854298279384412e+00
1.097656250000000000e+00 1.101958456685592891e+00
1.101562500000000000e+00 1.103704023162616066e+00
1.105468750000000000e+00 1.105212752593536685e+00
1.109375000000000000e+00 1.106401390159575948e+00
1.113281250000000000e+00 1.107504150565512324e+00
1.117187500000000000e+00 1.108522235523177857e+00
1.121093750000000000e+00 1.109282969910936556e+00
1.125000000000000000e+00 1.109839067363560527e+00
1.128906250000000000e+00 1.110561776007128243e+00
1.132812500000000000e+00 1.111458780333536289e+00
1.136718750000000000e+00 1.112398725663708676e+00
1.140625000000000000e+00 1.113486093999313642e+00
1.144531250000000000e+00 1.114446250449589781e+00
1.148437500000000000e+00 1.115285527426013390e+00
1.152343750000000000e+00 1.116217130712188199e+00
1.156250000000000000e+00 1.117184934363866677e+00
1.160156250000000000e+00 1.117989136096516400e+00
1.164062500000000000e+00 1.118643882607859741e+00
1.167968750000000000e+00 1.119210875296346552e+00
1.171875000000000000e+00 1.119643104349673068e+00
1.175781250000000000e+00 1.120133461984397893e+00
1.179687500000000000e+00 1.120685334341197770e+00
1.183593750000000000e+00 1.121175819516516903e+00
1.187500000000000000e+00 1.121652016811872876e+00
1.191406250000000000e+00 1.121782567592828350e+00
1.195312500000000000e+00 1.121537518551448009e+00
1.199218750000000000e+00 1.121091452846257885e+00
1.203125000000000000e+00 1.120345104056078789e+00
1.207031250000000000e+00 1.119468092708382878e+00
1.210937500000000000e+00 1.118461585703587113e+00
1.214843750000000000e+00 1.117167913741849539e+00
1.218750000000000000e+00 1.115621519555809460e+00
1.222656250000000000e+00 1.114095455546447289e+00
1.226562500000000000e+00 1.112583920319512476e+00
1.230468750000000000e+00 1.110980132917603225e+00
1.234375000000000000e+00 1.109353181683513379e+00
1.238281250000000000e+00 1.107485837487867553e+00
1.242187500000000000e+00 1.105373638638404765e+00
1.246093750000000000e+00 1.103167935446424552e+00
1.250000000000000000e+00 1.100816874468014239e+00
1.253906250000000000e+00 1.098658313357627536e+00
1.257812500000000000e+00 1.096727965404168170e+00
1.261718750000000000e+00 1.094847959669023263e+00
1.265625000000000000e+00 1.093122464911074898e+00
1.269531250000000000e+00 1.091387488611393231e+00
1.273437500000000000e+00 1.089644484598792928e+00
1.277343750000000000e+00 1.088054397030289611e+00
1.281250000000000000e+00 1.086586413173845189e+00
1.285156250000000000e+00 1.084950949237956763e+00
1.289062500000000000e+00 1.083155896321303269e+00
1.292968750000000000e+00 1.081320164218310786e+00
1.296875000000000000e+00 1.079372157246155872e+00
1.300781250000000000e+00 1.077544018707072393e+00
1.304687500000000000e+00 1.075843316808547501e+00
1.308593750000000000e+00 1.074111881390845902e+00
1.312500000000000000e+00 1.072407149012507777e+00
1.316406250000000000e+00 1.070552473278304717e+00
1.320312500000000000e+00 1.068524835326138067e+00
1.324218750000000000e+00 1.066438015551214757e+00
1.328125000000000000e+00 1.064237636592504810e+00
1.332031250000000000e+00 1.061992285934956648e+00
1.335937500000000000e+00 1.059705903256999759e+00
1.339843750000000000e+00 1.057304856191982001e+00
1.343750000000000000e+00 1.054803866119017330e+00
1.347656250000000000e+00 1.052389621962624755e+00
1.351562500000000000e+00 1.050062828828013162e+00
1.355468750000000000e+00 1.047747031211317070e+00
1.359375000000000000e+00 1.045491672872138622e+00
1.363281250000000000e+00 1.043161426539953585e+00
1.367187500000000000e+00 1.040754670941006932e+00
1.371093750000000000e+00 1.038371714361575382e+00
1.375000000000000000e+00 1.035981636550731499e+00
1.378906250000000000e+00 1.033263801260839720e+00
1.382812500000000000e+00 1.030206249953163011e+00
1.386718750000000000e+00 1.026930125790435744e+00
1.390625000000000000e+00 1.023343129236632620e+00
1.394531250000000000e+00 1.019667271892307658e+00
1.398437500000000000e+00 1.015896807287046011e+00
1.402343750000000000e+00 1.011852439880526644e+00
1.406250000000000000e+00 1.007578351937569838e+00
1.410156250000000000e+00 1.003261097434483107e+00
1.414062500000000000e+00 9.988882299135442011e-01
1.417968750000000000e+00 9.943964348392291264e-01
1.421875000000000000e+00 9.898293292742289529e-01
1.425781250000000000e+00 9.850118606766605778e-01
1.429687500000000000e+00 9.799394317852382352e-01
1.433593750000000000e+00 9.747234220382143821e-01
1.437500000000000000e+00 9.693202022784824790e-01
1.441406250000000000e+00 9.639907078007253771e-01
1.445312500000000000e+00 9.587587251195600624e-01
1.449218750000000000e+00 9.534817535254328513e-01
1.453125000000000000e+00 9.482374619735857157e-01
1.457031250000000000e+00 9.428943364539016381e-01
1.460937500000000000e+00 9.374498557121337949e-01
1.464843750000000000e+00 9.320258842296204049e-01
1.468750000000000000e+00 9.265947500083240307e-01
1.472656250000000000e+00 9.209329247342438185e-01
1.476562500000000000e+00 9.150433300702628392e-01
1.480468750000000000e+00 9.090124859865220674e-01
1.484375000000000000e+00 9.027826948874879687e-01
1.488281250000000000e+00 8.965277533837611168e-01
1.492187500000000000e+00 8.902500181223834685e-01
1.496093750000000000e+00 8.838256435868916405e-01
1.500000000000000000e+00 8.772950941928342461e-01
1.503906250000000000e+00 8.710357450472853147e-01
1.507812500000000000e+00 8.650624714781429692e-01
1.511718750000000000e+00 8.592362937039221826e-01
1.515625000000000000e+00 8.536667426778687950e-01
1.519531250000000000e+00 8.480921517241762908e-01
1.523437500000000000e+00 8.425208721328965034e-01
1.527343750000000000e+00 8.371658288293402084e-01
1.531250000000000000e+00 8.319760383418353111e-01
1.535156250000000000e+00 8.267343181375714778e-01
1.539062500000000000e+00 8.214567068632361302e-01
1.542968750000000000e+00 8.162183848661936914e-01
1.546875000000000000e+00 8.109696268874221348e-01
1.550781250000000000e+00 8.059174498419400257e-01
1.554687500000000000e+00 8.010685489007779436e-01
1.558593750000000000e+00 7.962935176659442504e-01
1.562500000000000000e+00 7.916449459434922176e-01
1.566406250000000000e+00 7.868049016404211615e-01
1.570312500000000000e+00 7.817459223248847122e-01
1.574218750000000000e+00 7.766422542831759035e-01
1.578125000000000000e+00 7.714001966791572684e-01
1.582031250000000000e+00 7.661832707933505793e-01
1.585937500000000000e+00 7.609955764571649794e-01
1.589843750000000000e+00 7.556885787892027029e-01
1.593750000000000000e+00 7.502975922666288433e-01
1.597656250000000000e+00 7.450952069514952258e-01
1.601562500000000000e+00 7.400788678882047611e-01
1.605468750000000000e+00 7.351449742457141223e-01
1.609375000000000000e+00 7.303646910905151612e-01
1.613281250000000000e+00 7.255275502505948992e-01
1.617187500000000000e+00 7.206318552950091716e-01
1.621093750000000000e+00 7.158293700763218581e-01
1.625000000000000000e+00 7.110719654438724113e-01
1.628906250000000000e+00 7.061480178099869276e-01
1.632812500000000000e+00 7.010576142423534662e-01
1.636718750000000000e+00 6.958646206921036415e-01
1.640625000000000000e+00 6.905106525928180750e-01
1.644531250000000000e+00 6.851667088673966122e-01
1.648437500000000000e+00 6.798278800998965865e-01
1.652343750000000000e+00 6.743664147182236723e-01
1.656250000000000000e+00 6.688173073783419964e-01
1.660156250000000000e+00 6.632758627430671572e-01
1.664062500000000000e+00 6.577326897644287795e-01
1.667968750000000000e+00 6.521627236686505791e-01
1.671875000000000000e+00 6.465874390147117179e-01
1.675781250000000000e+00 6.409058017190584211e-01
1.679687500000000000e+00 6.351161590280561819e-01
1.683593750000000000e+00 6.292803576197851800e-01
1.687500000000000000e+00 6.233734922549589719e-01
1.691406250000000000e+00 6.176098267685651289e-01
1.695312500000000000e+00 6.120070052971922081e-01
1.699218750000000000e+00 6.064553306346170958e-01
1.703125000000000000e+00 6.010184058543022179e-01
1.707031250000000000e+00 5.955817272736817491e-01
1.710937500000000000e+00 5.901447089502419585e-01
1.714843750000000000e+00 5.848110468326334077e-01
1.718750000000000000e+00 5.795572770702485110e-01
1.722656250000000000e+00 5.742135161081888262e-01
1.726562500000000000e+00 5.687837698793331009e-01
1.730468750000000000e+00 5.633331993089449874e-01
1.734375000000000000e+00 5.578188863105697504e-01
1.738281250000000000e+00 5.523776122470247518e-01
1.742187500000000000e+00 5.470119528461241387e-01
1.746093750000000000e+00 5.416269480446020967e-01
1.750000000000000000e+00 5.362551559984555238e-01
1.753906250000000000e+00 5.305589380027525559e-01
1.757812500000000000e+00 5.245071800484670810e-01
1.761718750000000000e+00 5.182657041957652311e-01
1.765625000000000000e+00 5.117315340935281176e-01
1.769531250000000000e+00 5.050831455048325758e-01
1.773437500000000000e+00 4.983175039459252220e-01
1.777343750000000000e+00 4.912672902220018289e-01
1.781250000000000000e+00 4.839661496285844744e-01
1.785156250000000000e+00 4.766820584426370022e-01
1.789062500000000000e+00 4.694054311829590209e-01
1.792968750000000000e+00 4.620285128386453777e-01
1.796875000000000000e+00 4.546165528733406291e-01
1.800781250000000000e+00 4.469478035792451287e-01
1.804687500000000000e+00 4.390147475512956587e-01
1.808593750000000000e+00 4.309656961774556150e-01
1.812500000000000000e+00 4.227452871925967970e-01
1.816406250000000000e+00 4.145513040726380161e-01
1.820312500000000000e+00 4.064066358876906593e-01
1.824218750000000000e+00 3.981889804510760911e-01
1.828125000000000000e+00 3.899582128267450321e-01
1.832031250000000000e+00 3.816296638389418683e-01
1.835937500000000000e+00 3.731991279551729046e-01
1.839843750000000000e+00 3.647518039420357128e-01
1.843750000000000000e+00 3.562692116468791359e-01
1.847656250000000000e+00 3.475534311446824565e-01
1.851562500000000000e+00 3.386040435121653314e-01
1.855468750000000000e+00 3.295001379603484382e-01
1.859375000000000000e+00 3.201892390587867121e-01
1.863281250000000000e+00 3.108166169613577057e-01
1.867187500000000000e+00 3.013835254052238399e-01
1.871093750000000000e+00 2.917824839822228955e-01
1.875000000000000000e+00 2.820464316028822305e-01
1.878906250000000000e+00 2.724616445149965482e-01
1.882812500000000000e+00 2.630368296291686891e-01
1.886718750000000000e+00 2.536666205820440334e-01
1.890625000000000000e+00 2.444326559134306076e-01
1.894531250000000000e+00 2.351311436948222144e-01
1.898437500000000000e+00 2.257670955223606835e-01
1.902343750000000000e+00 2.165023483364492130e-01
1.906250000000000000e+00 2.072958669453179859e-01
1.910156250000000000e+00 1.979862751829242207e-01
1.914062500000000000e+00 1.885845907953282719e-01
1.917968750000000000e+00 1.791436217133801634e-01
1.921875000000000000e+00 1.696255365946836013e-01
1.925781250000000000e+00 1.601834661229682433e-01
1.929687500000000000e+00 1.508208870389437239e-01
1.933593750000000000e+00 1.414402977037457210e-01
1.937500000000000000e+00 1.320795452170626105e-01
1.941406250000000000e+00 1.224966985689610738e-01
1.945312500000000000e+00 1.126697685365267709e-01
1.949218750000000000e+00 1.027288667974789182e-01
1.953125000000000000e+00 9.260177239823842721e-02
1.957031250000000000e+00 8.241120748791548600e-02
1.960937500000000000e+00 7.215885995853865698e-02
1.964843750000000000e+00 6.173082643220447613e-02
1.968750000000000000e+00 5.115252791039227170e-02
1.972656250000000000e+00 4.062780467702382242e-02
1.976562500000000000e+00 3.015327996856849782e-02
1.980468750000000000e+00 1.964969234045795682e-02
1.984375000000000000e+00 9.169211401862392349e-03
1.988281250000000000e+00 -1.448216313475553241e-03
1.992187500000000000e+00 -1.220524943273180660e-02
1.996093750000000000e+00 -2.298893703824068935e-02
2.000000000000000000e+00 -3.383695405283604352e-02
2.003906250000000000e+00 -4.407030320801079426e-02
2.007812500000000000e+00 -5.363209308795396230e-02
2.011718750000000000e+00 -6.283803309353468147e-02
2.015625000000000000e+00 -7.148206713219264208e-02
2.019531250000000000e+00 -7.994289369520644895e-02
2.023437500000000000e+00 -8.821149043639632537e-02
2.027343750000000000e+00 -9.594169025074109070e-02
2.031250000000000000e+00 -1.032044727913390136e-01
2.035156250000000000e+00 -1.105094631044527681e-01
2.039062500000000000e+00 -1.178344425067993917e-01
2.042968750000000000e+00 -1.249769568822166055e-01
2.046875000000000000e+00 -1.320591534645977061e-01
2.050781250000000000e+00 -1.386479324106310584e-01
2.054687500000000000e+00 -1.447275973757165823e-01
2.058593750000000000e+00 -1.505828151263500225e-01
2.062500000000000000e+00 -1.561042778158707178e-01
2.066406250000000000e+00 -1.617255101773437953e-01
2.070312500000000000e+00 -1.674922968578931859e-01
2.074218750000000000e+00 -1.731430521070946027e-01
2.078125000000000000e+00 -1.788073301899795742e-01
2.082031250000000000e+00 -1.842878501869500696e-01
2.085937500000000000e+00 -1.895752716973300167e-01
2.089843750000000000e+00 -1.948600226633268040e-01
2.093750000000000000e+00 -2.000983372867017052e-01
2.097656250000000000e+00 -2.048708246282267276e-01
2.101562500000000000e+00 -2.091766611847867552e-01
2.105468750000000000e+00 -2.131799603087708439e-01
2.109375000000000000e+00 -2.167691344215683935e-01
2.113281250000000000e+00 -2.202539477617496966e-01
2.117187500000000000e+00 -2.236359524124053033e-01
2.121093750000000000e+00 -2.266855268024334236e-01
2.125000000000000000e+00 -2.294722169981092408e-01
2.128906250000000000e+00 -2.325477180741943595e-01
2.132812500000000000e+00 -2.359259366902047850e-01
2.136718750000000000e+00 -2.394065410615708323e-01
2.140625000000000000e+00 -2.431455727086565544e-01
2.144531250000000000e+00 -2.467425790184473999e-01
2.148437500000000000e+00 -2.502065829338632752e-01
2.152343750000000000e+00 -2.538514305238178115e-01
2.156250000000000000e+00 -2.575955183512301239e-01
2.160156250000000000e+00 -2.611330820117366835e-01
2.164062500000000000e+00 -2.644847387014720996e-01
2.167968750000000000e+00 -2.677474357124084436e-01
2.171875000000000000e+00 -2.708489629697329870e-01
2.175781250000000000e+00 -2.740805356301119211e-01
2.179687500000000000e+00 -2.774475873388891900e-01
2.183593750000000000e+00 -2.807637455027675588e-01
2.187500000000000000e+00 -2.841002011060934640e-01
2.191406250000000000e+00 -2.869777483035788612e-01
2.195312500000000000e+00 -2.893524507200527229e-01
2.199218750000000000e+00 -2.914787894898208109e-01
2.203125000000000000e+00 -2.932131019141085426e-01
2.207031250000000000e+00 -2.947986847022740498e-01
2.210937500000000000e+00 -2.962375773815912883e-01
2.214843750000000000e+00 -2.973027718875467240e-01
2.218750000000000000e+00 -2.980437777070332195e-01
2.222656250000000000e+00 -2.988592986472570212e-01
2.226562500000000000e+00 -2.997413339899070994e-01
2.230468750000000000e+00 -3.005336997622823358e-01
2.234375000000000000e+00 -3.013375091973260478e-01
2.238281250000000000e+00 -3.018368624557832836e-01
2.242187500000000000e+00 -3.020254158117403609e-01
2.246093750000000000e+00 -3.021238887164559017e-01
2.250000000000000000e+00 -3.020570317036667118e-01
2.253906250000000000e+00 -3.022506748334619631e-01
2.257812500000000000e+00 -3.027524924292679942e-01
2.261718750000000000e+00 -3.033323860626607749e-01
2.265625000000000000e+00 -3.041224283858258715e-01
2.269531250000000000e+00 -3.049240533972970013e-01
2.273437500000000000e+00 -3.057385216724946009e-01
2.277343750000000000e+00 -3.067653905751600574e-01
2.281250000000000000e+00 -3.079676273174312140e-01
2.285156250000000000e+00 -3.089694119251723547e-01
2.289062500000000000e+00 -3.097800518778903722e-01
2.292968750000000000e+00 -3.105554532614523966e-01
2.296875000000000000e+00 -3.112023697252798149e-01
2.300781250000000000e+00 -3.120188907333814599e-01
2.304687500000000000e+00 -3.130148409002843635e-01
2.308593750000000000e+00 -3.139860984806110422e-01
2.312500000000000000e+00 -3.150063542971709429e-01
2.316406250000000000e+00 -3.158646846996865376e-01
2.320312500000000000e+00 -3.165323067742858987e-01
2.324218750000000000e+00 -3.171482272846538053e-01
2.328125000000000000e+00 -3.176471679474262566e-01
2.332031250000000000e+00 -3.181072164117238477e-01
2.335937500000000000e+00 -3.185334614709374734e-01
2.339843750000000000e+00 -3.188396038892998829e-01
2.343750000000000000e+00 -3.190424526523986670e-01
2.347656250000000000e+00 -3.193713736763334476e-01
2.351562500000000000e+00 -3.198276760539273678e-01
2.355468750000000000e+00 -3.203167623126382257e-01
2.359375000000000000e+00 -3.208995466513110961e-01
2.363281250000000000e+00 -3.214111875275612595e-01
2.367187500000000000e+00 -3.218497177435459822e-01
2.371093750000000000e+00 -3.223378964096759725e-01
2.375000000000000000e+00 -3.228381330737131738e-01
2.378906250000000000e+00 -3.229289318382577711e-01
2.382812500000000000e+00 -3.225937918082945610e-01
2.386718750000000000e+00 -3.219938078479715471e-01
2.390625000000000000e+00 -3.210074317470382188e-01
2.394531250000000000e+00 -3.199240259438282385e-01
2.398437500000000000e+00 -3.187362374148889899e-01
2.402343750000000000e+00 -3.172094159749949127e-01
2.406250000000000000e+00 -3.154011098841693617e-01
2.410156250000000000e+00 -3.135597146243630506e-01
2.414062500000000000e+00 -3.116690765957569331e-01
2.417968750000000000e+00 -3.096442180088150309e-01
2.421875000000000000e+00 -3.075433671646986555e-01
2.425781250000000000e+00 -3.051348616328167784e-01
2.429687500000000000e+00 -3.024125915492693051e-01
2.433593750000000000e+00 -2.995243573559390748e-01
2.437500000000000000e+00 -2.964124544040792064e-01
2.441406250000000000e+00 -2.934156502903784158e-01
2.445312500000000000e+00 -2.905651050301951699e-01
2.449218750000000000e+00 -2.876751662698802670e-01
2.453125000000000000e+00 -2.848467486737475962e-01
2.457031250000000000e+00 -2.819099294135001266e-01
2.460937500000000000e+00 -2.788613633568820527e-01
2.464843750000000000e+00 -2.758589252336915987e-01
2.468750000000000000e+00 -2.728668617457681855e-01
2.472656250000000000e+00 -2.695936696684546607e-01
2.476562500000000000e+00 -2.660430551466357874e-01
2.480468750000000000e+00 -2.623280303340647102e-01
2.484375000000000000e+00 -2.583733155939443860e-01
2.488281250000000000e+00 -2.544052104793460556e-01
2.492187500000000000e+00 -2.504267907344589483e-01
2.496093750000000000e+00 -2.462766763958975091e-01
2.500000000000000000e+00 -2.420075454221948252e-01
2.503906250000000000e+00 -2.381910281460324075e-01
2.507812500000000000e+00 -2.348520168440288713e-01
2.511718750000000000e+00 -2.317748833282623211e-01
2.515625000000000000e+00 -2.291262475084174799e-01
2.519531250000000000e+00 -2.265169762376461893e-01
2.523437500000000000e+00 -2.239592625299154371e-01
2.527343750000000000e+00 -2.217727466918732737e-01
2.531250000000000000e+00 -2.198818389222957359e-01
2.535156250000000000e+00 -2.179483801114103225e-01
2.539062500000000000e+00 -2.159961629851700482e-01
2.542968750000000000e+00 -2.141442903267876952e-01
2.546875000000000000e+00 -2.123149266983118955e-01
2.550781250000000000e+00 -2.108263394995084361e-01
2.554687500000000000e+00 -2.096889688539486651e-01
2.558593750000000000e+00 -2.087028090047849671e-01
2.562500000000000000e+00 -2.079486679313276576e-01
2.566406250000000000e+00 -2.069560732717717066e-01
2.570312500000000000e+00 -2.056837486322053155e-01
2.574218750000000000e+00 -2.043914629982044040e-01
2.578125000000000000e+00 -2.029404328504812727e-01
2.582031250000000000e+00 -2.015706387881160133e-01
2.585937500000000000e+00 -2.002884637130594170e-01
2.589843750000000000e+00 -1.988750740040906018e-01
2.593750000000000000e+00 -1.973824037672271270e-01
2.597656250000000000e+00 -1.962176110793248107e-01
2.601562500000000000e+00 -1.953772738120174157e-01
2.605468750000000000e+00 -1.947063034844943308e-01
2.609375000000000000e+00 -1.943111765381828615e-01
2.613281250000000000e+00 -1.938786652794290133e-01
2.617187500000000000e+00 -1.934063391704428925e-01
2.621093750000000000e+00 -1.931205863950063439e-01
2.625000000000000000e+00 -1.929498960047363321e-01
2.628906250000000000e+00 -1.925613761160232529e-01
2.632812500000000000e+00 -1.919541383904960208e-01
2.636718750000000000e+00 -1.912312104550152603e-01
2.640625000000000000e+00 -1.903004864171956301e-01
2.644531250000000000e+00 -1.894276196796985667e-01
2.648437500000000000e+00 -1.886051980486676827e-01
2.652343750000000000e+00 -1.876337099296049304e-01
2.656250000000000000e+00 -1.865675180458688798e-01
2.660156250000000000e+00 -1.855608483037290701e-01
2.664062500000000000e+00 -1.845992439417476483e-01
2.667968750000000000e+00 -1.836409485821893506e-01
2.671875000000000000e+00 -1.827209823390988086e-01
2.675781250000000000e+00 -1.816783611035716339e-01
2.679687500000000000e+00 -1.805104297838478200e-01
2.683593750000000000e+00 -1.793163832279152381e-01
2.687500000000000000e+00 -1.780566042632536206e-01
2.691406250000000000e+00 -1.770622254677872709e-01
2.695312500000000000e+00 -1.763608752600162588e-01
2.699218750000000000e+00 -1.757823814210815461e-01
2.703125000000000000e+00 -1.754251642569679692e-01
2.707031250000000000e+00 -1.751132653684421558e-01
2.710937500000000000e+00 -1.748457527895560248e-01
2.714843750000000000e+00 -1.747825295922484923e-01
2.718750000000000000e+00 -1.748875869769143665e-01
2.722656250000000000e+00 -1.748970287810239221e-01
2.726562500000000000e+00 -1.748170018767480349e-01
2.730468750000000000e+00 -1.747490092488092617e-01
2.734375000000000000e+00 -1.746263742296658983e-01
2.738281250000000000e+00 -1.746612404837281085e-01
2.742187500000000000e+00 -1.748576600251492419e-01
2.746093750000000000e+00 -1.750682952093483014e-01
2.750000000000000000e+00 -1.753436683264305018e-01
2.753906250000000000e+00 -1.751899653811802293e-01
2.757812500000000000e+00 -1.745610004411878580e-01
2.761718750000000000e+00 -1.737011022919842385e-01
2.765625000000000000e+00 -1.724594994736728393e-01
2.769531250000000000e+00 -1.710950377976098724e-01
2.773437500000000000e+00 -1.696035247292916048e-01
2.777343750000000000e+00 -1.677412271088683515e-01
2.781250000000000000e+00 -1.655569320280266821e-01
2.785156250000000000e+00 -1.634457878212701998e-01
2.789062500000000000e+00 -1.613940374026530122e-01
2.792968750000000000e+00 -1.592424295146481206e-01
2.796875000000000000e+00 -1.570873468129588835e-01
2.800781250000000000e+00 -1.546029438544175294e-01
2.804687500000000000e+00 -1.517782264722008223e-01
2.808593750000000000e+00 -1.488315775149627318e-01
2.812500000000000000e+00 -1.456817289097296908e-01
2.816406250000000000e+00 -1.426147147150880479e-01
2.820312500000000000e+00 -1.396640321024770204e-01
2.824218750000000000e+00 -1.366521279993891946e-01
2.828125000000000000e+00 -1.336657339491623409e-01
2.832031250000000000e+00 -1.305834754590508573e-01
2.835937500000000000e+00 -1.273992484185401119e-01
2.839843750000000000e+00 -1.242358971749271818e-01
2.843750000000000000e+00 -1.210669722381964852e-01
2.847656250000000000e+00 -1.176047532362803072e-01
2.851562500000000000e+00 -1.138485899789991734e-01
2.855468750000000000e+00 -1.099137448551258944e-01
2.859375000000000000e+00 -1.057239456100025343e-01
2.863281250000000000e+00 -1.014901270825154106e-01
2.867187500000000000e+00 -9.721418403486742355e-02
2.871093750000000000e+00 -9.274003506257298690e-02
2.875000000000000000e+00 -8.811554817649601412e-02
2.878906250000000000e+00 -8.376438056407294053e-02
2.882812500000000000e+00 -7.969974995239140214e-02
2.886718750000000000e+00 -7.576527136031926957e-02
2.890625000000000000e+00 -7.208189284063810931e-02
2.894531250000000000e+00 -6.834895934566692643e-02
2.898437500000000000e+00 -6.457391342402889201e-02
2.902343750000000000e+00 -6.099596751175194453e-02
2.906250000000000000e+00 -5.755466445985767815e-02
2.910156250000000000e+00 -5.401033826809238658e-02
2.914062500000000000e+00 -5.037931593899850485e-02
2.917968750000000000e+00 -4.674036825978417770e-02
2.921875000000000000e+00 -4.303733269648658821e-02
2.925781250000000000e+00 -3.949735125722617785e-02
2.929687500000000000e+00 -3.612567947141744756e-02
2.933593750000000000e+00 -3.277771364795955406e-02
2.937500000000000000e+00 -2.950965189085933554e-02
2.941406250000000000e+00 -2.596496725795244959e-02
2.945312500000000000e+00 -2.211125027263317194e-02
2.949218750000000000e+00 -1.814057418247595060e-02
2.953125000000000000e+00 -1.394654685073027159e-02
2.957031250000000000e+00 -9.709904196411663080e-03
2.960937500000000000e+00 -5.433243937450329096e-03
2.964843750000000000e+00 -9.488595225490141808e-04
2.968750000000000000e+00 3.705742138568324500e-03
2.972656250000000000e+00 8.229610928781447635e-03
2.976562500000000000e+00 1.262761002498758584e-02
2.980468750000000000e+00 1.701669344331486339e-02
2.984375000000000000e+00 2.131976064040314034e-02
2.988281250000000000e+00 2.577284909710458177e-02
2.992187500000000000e+00 3.037979472895371499e-02
2.996093750000000000e+00 3.497383598253427789e-02
3.000000000000000000e+00 3.961046271590368262e-02
3.003906250000000000e+00 4.391398671601397935e-02
3.007812500000000000e+00 4.784378765118992016e-02
3.011718750000000000e+00 5.159534074234200379e-02
3.015625000000000000e+00 5.505201682755812148e-02
3.019531250000000000e+00 5.839505956396363884e-02
3.023437500000000000e+00 6.162159174231626735e-02
3.027343750000000000e+00 6.455170709285810993e-02
3.031250000000000000e+00 6.721849264680433700e-02
3.035156250000000000e+00 6.994126732654701306e-02
3.039062500000000000e+00 7.271004014340844146e-02
3.042968750000000000e+00 7.539209369740557110e-02
3.046875000000000000e+00 7.806545179352386565e-02
3.050781250000000000e+00 8.047175724206315217e-02
3.054687500000000000e+00 8.260143158949365128e-02
3.058593750000000000e+00 8.462842042430791800e-02
3.062500000000000000e+00 8.648789310602338076e-02
3.066406250000000000e+00 8.837674331700634545e-02
3.070312500000000000e+00 9.031941509650977251e-02
3.074218750000000000e+00 9.218760967313426036e-02
3.078125000000000000e+00 9.404107134723999062e-02
3.082031250000000000e+00 9.580113951330269939e-02
3.085937500000000000e+00 9.746227388867259589e-02
3.089843750000000000e+00 9.910610573726244543e-02
3.093750000000000000e+00 1.007148321994570661e-01
3.097656250000000000e+00 1.020788193220901058e-01
3.101562500000000000e+00 1.031961614076284117e-01
3.105468750000000000e+00 1.041509499557315144e-01
3.109375000000000000e+00 1.048868195037541973e-01
3.113281250000000000e+00 1.055538982857201075e-01
3.117187500000000000e+00 1.061528185828438803e-01
3.121093750000000000e+00 1.065703267372874741e-01
3.125000000000000000e+00 1.068398237928184780e-01
3.128906250000000000e+00 1.073192149455271110e-01
3.132812500000000000e+00 1.080207602563174468e-01
3.136718750000000000e+00 1.088076027866949069e-01
3.140625000000000000e+00 1.097819562356881079e-01
3.144531250000000000e+00 1.106940981185019351e-01
3.148437500000000000e+00 1.115493059171124013e-01
3.152343750000000000e+00 1.125471904040810656e-01
3.156250000000000000e+00 1.136371315233917351e-01
3.160156250000000000e+00 1.146089287236473908e-01
3.164062500000000000e+00 1.154753580440919802e-01
3.167968750000000000e+00 1.163062350342168871e-01
3.171875000000000000e+00 1.170515227675193448e-01
3.175781250000000000e+00 1.179061747777584990e-01
3.179687500000000000e+00 1.188741863443469604e-01
3.183593750000000000e+00 1.198296105784153881e-01
3.187500000000000000e+00 1.208201677057285234e-01
3.191406250000000000e+00 1.215523753742881047e-01
3.195312500000000000e+00 1.219984250252862112e-01
3.199218750000000000e+00 1.223168006852748818e-01
3.203125000000000000e+00 1.224193306458868646e-01
3.207031250000000000e+00 1.224521888924426233e-01
3.210937500000000000e+00 1.224170405187857136e-01
3.214843750000000000e+00 1.221762021799488035e-01
3.218750000000000000e+00 1.217595149337586252e-01
3.222656250000000000e+00 1.214162489891262159e-01
3.226562500000000000e+00 1.211419725067656716e-01
3.230468750000000000e+00 1.208385926843156405e-01
3.234375000000000000e+00 1.205695919042034936e-01
3.238281250000000000e+00 1.201390999848422347e-01
3.242187500000000000e+00 1.195433173973551172e-01
3.246093750000000000e+00 1.189198343958328269e-01
3.250000000000000000e+00 1.182221579708321035e-01
3.253906250000000000e+00 1.176263603849989348e-01
3.257812500000000000e+00 1.171562198011075195e-01
3.261718750000000000e+00 1.167073545391145856e-01
3.265625000000000000e+00 1.163355399858714972e-01
3.269531250000000000e+00 1.159711597735029187e-01
3.273437500000000000e+00 1.156137909440492217e-01
3.277343750000000000e+00 1.153408188029938081e-01
3.281250000000000000e+00 1.151396557606047255e-01
3.285156250000000000e+00 1.148380298207252181e-01
3.289062500000000000e+00 1.144387432226166290e-01
3.292968750000000000e+00 1.140155600125033059e-01
3.296875000000000000e+00 1.135251962137350246e-01
3.300781250000000000e+00 1.130994001174316227e-01
3.304687500000000000e+00 1.127426178053095446e-01
3.308593750000000000e+00 1.123629834334924221e-01
3.312500000000000000e+00 1.119929272878888021e-01
3.316406250000000000e+00 1.115632654173173283e-01
3.320312500000000000e+00 1.110623870885573822e-01
3.324218750000000000e+00 1.105409264825455706e-01
3.328125000000000000e+00 1.099768603223080232e-01
3.332031250000000000e+00 1.093895017101146755e-01
3.335937500000000000e+00 1.087810862292420411e-01
3.339843750000000000e+00 1.081259181595040780e-01
3.343750000000000000e+00 1.074281907679037057e-01
3.347656250000000000e+00 1.067735436646663205e-01
3.351562500000000000e+00 1.061631085086878756e-01
3.355468750000000000e+00 1.055604262105480362e-01
3.359375000000000000e+00 1.049884625109773206e-01
3.363281250000000000e+00 1.043878217473446501e-01
3.367187500000000000e+00 1.037577480712362915e-01
3.371093750000000000e+00 1.031432879151660681e-01
3.375000000000000000e+00 1.025309677738259206e-01
3.378906250000000000e+00 1.017194644706649609e-01
3.382812500000000000e+00 1.006996798509068453e-01
3.386718750000000000e+00 9.955121408228767566e-02
3.390625000000000000e+00 9.821564911512835339e-02
3.394531250000000000e+00 9.682740545694031031e-02
3.398437500000000000e+00 9.538321021439599701e-02
3.402343750000000000e+00 9.377250902190953363e-02
3.406250000000000000e+00 9.202193106601100347e-02
3.410156250000000000e+00 9.025471336484332252e-02
3.414062500000000000e+00 8.846339115564376410e-02
3.417968750000000000e+00 8.660473432088733325e-02
3.421875000000000000e+00 8.470780908749213356e-02
3.425781250000000000e+00 8.265964326623083391e-02
3.429687500000000000e+00 8.045716047132972504e-02
3.433593750000000000e+00 7.817293125325167069e-02
3.437500000000000000e+00 7.577881981740694495e-02
3.441406250000000000e+00 7.343022353554615189e-02
3.445312500000000000e+00 7.114179962699405946e-02
3.449218750000000000e+00 6.882732246772324536e-02
3.453125000000000000e+00 6.653315862666921154e-02
3.457031250000000000e+00 6.418250308219616840e-02
3.460937500000000000e+00 6.177365262026062592e-02
3.464843750000000000e+00 5.937848390265951237e-02
3.468750000000000000e+00 5.698078942214521853e-02
3.472656250000000000e+00 5.444478634614814683e-02
3.476562500000000000e+00 5.177198443901026570e-02
3.480468750000000000e+00 4.901521293405575186e-02
3.484375000000000000e+00 4.613930756505977421e-02
3.488281250000000000e+00 4.324905072085382524e-02
3.492187500000000000e+00 4.034581788486597820e-02
3.496093750000000000e+00 3.735460095166293765e-02
3.500000000000000000e+00 3.429972917490130974e-02
3.503906250000000000e+00 3.156951952199053835e-02
3.507812500000000000e+00 2.918394861485108446e-02
3.511718750000000000e+00 2.698969573068500660e-02
3.515625000000000000e+00 2.510084295759783951e-02
3.519531250000000000e+00 2.326251163826499602e-02
3.523437500000000000e+00 2.148232206532106267e-02
3.527343750000000000e+00 1.997356240820183371e-02
3.531250000000000000e+00 1.868698380044047855e-02
3.535156250000000000e+00 1.738062165664111883e-02
3.539062500000000000e+00 1.606991786379616260e-02
3.542968750000000000e+00 1.484264802771217452e-02
3.546875000000000000e+00 1.364254232948621318e-02
3.550781250000000000e+00 1.269198482908155852e-02
3.554687500000000000e+00 1.199840492587438828e-02
3.558593750000000000e+00 1.142057770939592862e-02
3.562500000000000000e+00 1.101486561607720703e-02
3.566406250000000000e+00 1.047626077520036510e-02
3.570312500000000000e+00 9.777085822285720013e-03
3.574218750000000000e+00 9.088259208824800775e-03
3.578125000000000000e+00 8.319594861259995214e-03
3.582031250000000000e+00 7.623879605719167604e-03
3.585937500000000000e+00 7.005619371089180474e-03
3.589843750000000000e+00 6.324221297936662850e-03
3.593750000000000000e+00 5.612849967912029656e-03
3.597656250000000000e+00 5.140478760042867593e-03
3.601562500000000000e+00 4.905316021567204463e-03
3.605468750000000000e+00 4.804365632273635903e-03
3.609375000000000000e+00 4.908164538910259750e-03
3.613281250000000000e+00 5.011217081491113438e-03
3.617187500000000000e+00 5.111996686392966498e-03
3.621093750000000000e+00 5.359634469837870271e-03
3.625000000000000000e+00 5.707326765053454161e-03
3.628906250000000000e+00 5.912470416089710828e-03
3.632812500000000000e+00 5.973049609837962487e-03
3.636718750000000000e+00 5.967342956040701078e-03
3.640625000000000000e+00 5.827844791895844465e-03
3.644531250000000000e+00 5.743793024020848320e-03
3.648437500000000000e+00 5.710123730049707427e-03
3.652343750000000000e+00 5.583260234736525836e-03
3.656250000000000000e+00 5.401876575182774573e-03
3.660156250000000000e+00 5.283780984386083138e-03
3.664062500000000000e+00 5.218783593656770720e-03
3.667968750000000000e+00 5.173428556856721205e-03
3.671875000000000000e+00 5.174754366716760416e-03
3.675781250000000000e+00 5.102787136512300717e-03
3.679687500000000000e+00 4.955462091956147445e-03
3.683593750000000000e+00 4.807427794230016357e-03
3.687500000000000000e+00 4.629197490556972473e-03
3.691406250000000000e+00 4.654428121742719589e-03
3.695312500000000000e+00 4.903028613591277861e-03
3.699218750000000000e+00 5.253996706681912134e-03
3.703125000000000000e+00 5.776901592193663115e-03
3.707031250000000000e+00 6.348790194913874092e-03
3.710937500000000000e+00 6.968910678541617026e-03
3.714843750000000000e+00 7.749605754441835949e-03
3.718750000000000000e+00 8.665729341474729189e-03
3.722656250000000000e+00 9.529206219387431967e-03
3.726562500000000000e+00 1.034425793672203928e-02
3.730468750000000000e+00 1.118350657476770149e-02
3.734375000000000000e+00 1.199937766472717986e-02
3.738281250000000000e+00 1.294252661275688797e-02
3.742187500000000000e+00 1.401584637727455729e-02
3.746093750000000000e+00 1.511452836635042256e-02
3.750000000000000000e+00 1.627443899938370644e-02
3.753906250000000000e+00 1.718317399001515616e-02
3.757812500000000000e+00 1.781053072652145214e-02
3.761718750000000000e+00 1.831345908115584314e-02
3.765625000000000000e+00 1.859631106508936177e-02
3.769531250000000000e+00 1.881976529602377365e-02
3.773437500000000000e+00 1.898144592794936969e-02
3.777343750000000000e+00 1.892846770484595334e-02
3.781250000000000000e+00 1.869105422590232671e-02
3.785156250000000000e+00 1.852348404460664455e-02
3.789062500000000000e+00 1.841735435230135859e-02
3.792968750000000000e+00 1.826961556706577922e-02
3.796875000000000000e+00 1.814247291610890725e-02
3.800781250000000000e+00 1.782767563775064859e-02
3.804687500000000000e+00 1.731821069375082123e-02
3.808593750000000000e+00 1.675415824762887043e-02
3.812500000000000000e+00 1.608364809170936480e-02
3.816406250000000000e+00 1.548312217059249693e-02
3.820312500000000000e+00 1.497373681201381868e-02
3.824218750000000000e+00 1.444493106623543840e-02
3.828125000000000000e+00 1.395035830693599523e-02
3.832031250000000000e+00 1.341654720578402439e-02
3.835937500000000000e+00 1.283964105116140730e-02
3.839843750000000000e+00 1.229487192825441319e-02
3.843750000000000000e+00 1.176624131063167510e-02
3.847656250000000000e+00 1.107408961186638272e-02
3.851562500000000000e+00 1.021789476242998887e-02
3.855468750000000000e+00 9.269942942682638312e-03
3.859375000000000000e+00 8.182581153758888837e-03
3.863281250000000000e+00 7.087078765263751801e-03
3.867187500000000000e+00 5.984658186326234294e-03
3.871093750000000000e+00 4.778058184223952023e-03
3.875000000000000000e+00 3.497077255162441001e-03
3.878906250000000000e+00 2.416417404328081997e-03
3.882812500000000000e+00 1.545040685077123848e-03
3.886718750000000000e+00 7.808503206975470025e-04
3.890625000000000000e+00 2.024056702389707800e-04
3.894531250000000000e+00 -3.840788582298304554e-04
3.898437500000000000e+00 -9.738009652170094349e-04
3.902343750000000000e+00 -1.412069427329390794e-03
3.906250000000000000e+00 -1.737787705725755798e-03
3.910156250000000000e+00 -2.107595084956520419e-03
3.914062500000000000e+00 -2.510932669775963431e-03
3.917968750000000000e+00 -2.895934311125466717e-03
3.921875000000000000e+00 -3.299322002713353779e-03
3.925781250000000000e+00 -3.573132739266513588e-03
3.929687500000000000e+00 -3.713868542950092382e-03
3.933593750000000000e+00 -3.815793107423395315e-03
3.937500000000000000e+00 -3.842264036025732060e-03
3.941406250000000000e+00 -4.022532787099693252e-03
3.945312500000000000e+00 -4.377499471681579185e-03
3.949218750000000000e+00 -4.783300564134011085e-03
3.953125000000000000e+00 -5.308338032699893259e-03
3.957031250000000000e+00 -5.836643941658084707e-03
3.960937500000000000e+00 -6.366458244844261372e-03
3.964843750000000000e+00 -7.005446892367108401e-03
3.968750000000000000e+00 -7.729497672612859610e-03
3.972656250000000000e+00 -8.344450524229976920e-03
3.976562500000000000e+00 -8.853337878419768534e-03
3.980468750000000000e+00 -9.331604482938621672e-03
3.984375000000000000e+00 -9.729448074071238642e-03
3.988281250000000000e+00 -1.019889628564597285e-02
3.992187500000000000e+00 -1.074236329902686533e-02
3.996093750000000000e+00 -1.125228744735697409e-02
4.000000000000000000e+00 -1.176435820572667088e-02
4.003906250000000000e+00 -1.224593375820637320e-02
4.007812500000000000e+00 -1.268528839276426498e-02
4.011718750000000000e+00 -1.311789961819660906e-02
4.015625000000000000e+00 -1.353126817518260361e-02
4.019531250000000000e+00 -1.391584160482575022e-02
4.023437500000000000e+00 -1.427321636384265742e-02
4.027343750000000000e+00 -1.459811232704104345e-02
4.031250000000000000e+00 -1.488784086053402365e-02
4.035156250000000000e+00 -1.520342412518110170e-02
4.039062500000000000e+00 -1.554601067119526676e-02
4.042968750000000000e+00 -1.588555915372894325e-02
4.046875000000000000e+00 -1.623812413376344785e-02
4.050781250000000000e+00 -1.656451832890893164e-02
4.054687500000000000e+00 -1.686307268666820472e-02
4.058593750000000000e+00 -1.716352690637497000e-02
4.062500000000000000e+00 -1.745632823181040086e-02
4.066406250000000000e+00 -1.772027435660783815e-02
4.070312500000000000e+00 -1.795666215156724310e-02
4.074218750000000000e+00 -1.816893925436869131e-02
4.078125000000000000e+00 -1.835162802628921910e-02
4.082031250000000000e+00 -1.852501813427579261e-02
4.085937500000000000e+00 -1.868825832798378869e-02
4.089843750000000000e+00 -1.882726660180008421e-02
4.093750000000000000e+00 -1.894617012948024773e-02
4.097656250000000000e+00 -1.904666403306005951e-02
4.101562500000000000e+00 -1.912725257989265903e-02
4.105468750000000000e+00 -1.918923349823780516e-02
4.109375000000000000e+00 -1.923245488950953846e-02
4.113281250000000000e+00 -1.925099402997935624e-02
4.117187500000000000e+00 -1.924466628617482397e-02
4.121093750000000000e+00 -1.921587254065824923e-02
4.125000000000000000e+00 -1.916295573349395889e-02
4.128906250000000000e+00 -1.916428235028065988e-02
4.132812500000000000e+00 -1.922497348272951198e-02
4.136718750000000000e+00 -1.930975437873205455e-02
4.140625000000000000e+00 -1.944173100765976547e-02
4.144531250000000000e+00 -1.957384309435187056e-02
4.148437500000000000e+00 -1.970677187666912411e-02
4.152343750000000000e+00 -1.988116254862591289e-02
4.156250000000000000e+00 -2.008766013829123634e-02
4.160156250000000000e+00 -2.027114561026632442e-02
4.164062500000000000e+00 -2.043392491223805854e-02
4.167968750000000000e+00 -2.059653935425207610e-02
4.171875000000000000e+00 -2.074555624883876390e-02
4.175781250000000000e+00 -2.092825082183863775e-02
4.179687500000000000e+00 -2.114582157107375293e-02
4.183593750000000000e+00 -2.136679572107409719e-02
4.187500000000000000e+00 -2.160276378404648798e-02
4.191406250000000000e+00 -2.180265612125239366e-02
4.195312500000000000e+00 -2.196087403452922845e-02
4.199218750000000000e+00 -2.210706578050278606e-02
4.203125000000000000e+00 -2.222571176220509981e-02
4.207031250000000000e+00 -2.233990934069731565e-02
4.210937500000000000e+00 -2.245024834983236003e-02
4.214843750000000000e+00 -2.253383691085092400e-02
4.218750000000000000e+00 -2.259544047826861357e-02
4.222656250000000000e+00 -2.268248130644811081e-02
4.226562500000000000e+00 -2.279453112978920698e-02
4.230468750000000000e+00 -2.291252537106018561e-02
4.234375000000000000e+00 -2.304872525236184924e-02
4.238281250000000000e+00 -2.316709426293185603e-02
4.242187500000000000e+00 -2.326700511337136124e-02
4.246093750000000000e+00 -2.337429800333943111e-02
4.250000000000000000e+00 -2.348052315408096988e-02
4.253906250000000000e+00 -2.354904181590023945e-02
4.257812500000000000e+00 -2.357965981050127308e-02
4.261718750000000000e+00 -2.358318100001396272e-02
4.265625000000000000e+00 -2.354934864898004798e-02
4.269531250000000000e+00 -2.350728734024214867e-02
4.273437500000000000e+00 -2.345594296765114370e-02
4.277343750000000000e+00 -2.337316547333964656e-02
4.281250000000000000e+00 -2.326474401738578418e-02
4.285156250000000000e+00 -2.314661175557333056e-02
4.289062500000000000e+00 -2.301692373789826496e-02
4.292968750000000000e+00 -2.287125000031457051e-02
4.296875000000000000e+00 -2.271299614351770732e-02
4.300781250000000000e+00 -2.252473038956945978e-02
4.304687500000000000e+00 -2.230594780095578045e-02
4.308593750000000000e+00 -2.206693476922766753e-02
4.312500000000000000e+00 -2.180322306908722210e-02
4.316406250000000000e+00 -2.155034847662163147e-02
4.320312500000000000e+00 -2.131103313193636467e-02
4.324218750000000000e+00 -2.106667934258711627e-02
4.328125000000000000e+00 -2.082767088638260572e-02
4.332031250000000000e+00 -2.057471271192238063e-02
4.335937500000000000e+00 -2.030746240096372932e-02
4.339843750000000000e+00 -2.004296607724275966e-02
4.343750000000000000e+00 -1.977707978602164657e-02
4.347656250000000000e+00 -1.948116191678997064e-02
4.351562500000000000e+00 -1.915563889009977427e-02
4.355468750000000000e+00 -1.881117611620124197e-02
4.359375000000000000e+00 -1.844035801769477664e-02
4.363281250000000000e+00 -1.806579550798283543e-02
4.367187500000000000e+00 -1.768768104076344841e-02
4.371093750000000000e+00 -1.728990717713284678e-02
4.375000000000000000e+00 -1.687767396302719547e-02
4.378906250000000000e+00 -1.646094602780224375e-02
4.382812500000000000e+00 -1.603890356489880500e-02
4.386718750000000000e+00 -1.561026496959621625e-02
4.390625000000000000e+00 -1.517753012428827916e-02
4.394531250000000000e+00 -1.473013156074542453e-02
4.398437500000000000e+00 -1.426844286678464156e-02
4.402343750000000000e+00 -1.379947312819460557e-02
4.406250000000000000e+00 -1.332099360013222836e-02
4.410156250000000000e+00 -1.283153077181863055e-02
4.414062500000000000e+00 -1.233167828567482451e-02
4.417968750000000000e+00 -1.182086011055006637e-02
4.421875000000000000e+00 -1.129887771373671093e-02
4.425781250000000000e+00 -1.076894431002299590e-02
4.429687500000000000e+00 -1.023101917338687869e-02
4.433593750000000000e+00 -9.683478015836525371e-03
4.437500000000000000e+00 -9.127101056503338777e-03
4.441406250000000000e+00 -8.547612531949284539e-03
4.445312500000000000e+00 -7.944022129606665913e-03
4.449218750000000000e+00 -7.323072185960766665e-03
4.453125000000000000e+00 -6.680560579763686162e-03
4.457031250000000000e+00 -6.024704175416357305e-03
4.460937500000000000e+00 -5.355447705954800852e-03
4.464843750000000000e+00 -4.665595377857880213e-03
4.468750000000000000e+00 -3.956804902689211971e-03
4.472656250000000000e+00 -3.239298499618957581e-03
4.476562500000000000e+00 -2.512703564455103997e-03
4.480468750000000000e+00 -1.773194039752834777e-03
4.484375000000000000e+00 -1.023289951548740770e-03
4.488281250000000000e+00 -2.543892454826825688e-04
4.492187500000000000e+00 5.337041522096375515e-04
4.496093750000000000e+00 1.335187676272264800e-03
4.500000000000000000e+00 2.152148639222647031e-03
4.503906250000000000e+00 2.882282391263318085e-03
4.507812500000000000e+00 3.518085339702034086e-03
4.511718750000000000e+00 4.105049297296065741e-03
4.515625000000000000e+00 4.612477208266065228e-03
4.519531250000000000e+00 5.100568597078908653e-03
4.523437500000000000e+00 5.567833918593548780e-03
4.527343750000000000e+00 5.960938694766574827e-03
4.531250000000000000e+00 6.291337447169685106e-03
4.535156250000000000e+00 6.631884792170231538e-03
4.539062500000000000e+00 6.979073341691168983e-03
4.542968750000000000e+00 7.304720760411696941e-03
4.546875000000000000e+00 7.626196271080866104e-03
4.550781250000000000e+00 7.880350947050574623e-03
4.554687500000000000e+00 8.065006379374396045e-03
4.558593750000000000e+00 8.221372637563272370e-03
4.562500000000000000e+00 8.333538958960169662e-03
4.566406250000000000e+00 8.471141496283458514e-03
4.570312500000000000e+00 8.641236514009140862e-03
4.574218750000000000e+00 8.802904033793232386e-03
4.578125000000000000e+00 8.976919550137092002e-03
4.582031250000000000e+00 9.130606596705800534e-03
4.585937500000000000e+00 9.262681257348644170e-03
4.589843750000000000e+00 9.404269102140302983e-03
4.593750000000000000e+00 9.548221244023125456e-03
4.597656250000000000e+00 9.629301952139308202e-03
4.601562500000000000e+00 9.647618745614244123e-03
4.605468750000000000e+00 9.628604826614550055e-03
4.609375000000000000e+00 9.555024019527487769e-03
4.613281250000000000e+00 9.475684204909240460e-03
4.617187500000000000e+00 9.390924933916957804e-03
4.621093750000000000e+00 9.264911411504284447e-03
4.625000000000000000e+00 9.108697215928732160e-03
4.628906250000000000e+00 8.998478062948626205e-03
4.632812500000000000e+00 8.935862144241845176e-03
4.636718750000000000e+00 8.894095887157770289e-03
4.640625000000000000e+00 8.894666068410248677e-03
4.644531250000000000e+00 8.881205595359384711e-03
4.648437500000000000e+00 8.855100548133454721e-03
4.652343750000000000e+00 8.860197889293387405e-03
4.656250000000000000e+00 8.885037862044600776e-03
4.660156250000000000e+00 8.888923300426652269e-03
4.664062500000000000e+00 8.874844041120225069e-03
4.667968750000000000e+00 8.855423835687324316e-03
4.671875000000000000e+00 8.821155316686654993e-03
4.675781250000000000e+00 8.811567907936442359e-03
4.679687500000000000e+00 8.827429256904649815e-03
4.683593750000000000e+00 8.843703246212532634e-03
4.687500000000000000e+00 8.870101946780391960e-03
4.691406250000000000e+00 8.838590684614421045e-03
4.695312500000000000e+00 8.743104587202347316e-03
4.699218750000000000e+00 8.619580393737122717e-03
4.703125000000000000e+00 8.447695954880232033e-03
4.707031250000000000e+00 8.262434995092524798e-03
4.710937500000000000e+00 8.064113401006302306e-03
4.714843750000000000e+00 7.820384712756922596e-03
4.718750000000000000e+00 7.538416137129642751e-03
4.722656250000000000e+00 7.274352615867406106e-03
4.726562500000000000e+00 7.027076745580765685e-03
4.730468750000000000e+00 6.774750780896190115e-03
4.734375000000000000e+00 6.531637786633121348e-03
4.738281250000000000e+00 6.253195981645623749e-03
4.742187500000000000e+00 5.938588228933213385e-03
4.746093750000000000e+00 5.618976381276919244e-03
4.750000000000000000e+00 5.283787771867863754e-03
4.753906250000000000e+00 4.998542118212948027e-03
4.757812500000000000e+00 4.770377818543838737e-03
4.761718750000000000e+00 4.564544162982867893e-03
4.765625000000000000e+00 4.401330921020941110e-03
4.769531250000000000e+00 4.249514525720741488e-03
4.773437500000000000e+00 4.109404532992445847e-03
4.777343750000000000e+00 4.012046572860884612e-03
4.781250000000000000e+00 3.951640879921889012e-03
4.785156250000000000e+00 3.871520316443581231e-03
4.789062500000000000e+00 3.773238943586308854e-03
4.792968750000000000e+00 3.680247371868825002e-03
4.796875000000000000e+00 3.578563444587391090e-03
4.800781250000000000e+00 3.513539612033643803e-03
4.804687500000000000e+00 3.486721518951641560e-03
4.808593750000000000e+00 3.467254169994466763e-03
4.812500000000000000e+00 3.466402272847551782e-03
4.816406250000000000e+00 3.450770234637901262e-03
4.820312500000000000e+00 3.415980453517836885e-03
4.824218750000000000e+00 3.383846612086494152e-03
4.828125000000000000e+00 3.344110886220803304e-03
4.832031250000000000e+00 3.309588522334985187e-03
4.835937500000000000e+00 3.281113917776685811e-03
4.839843750000000000e+00 3.244906302790671101e-03
4.843750000000000000e+00 3.203769569945152246e-03
4.847656250000000000e+00 3.193531781565028729e-03
4.851562500000000000e+00 3.214419628268540101e-03
4.855468750000000000e+00 3.251808639529208365e-03
4.859375000000000000e+00 3.315245171448203809e-03
4.863281250000000000e+00 3.378957570897037684e-03
4.867187500000000000e+00 3.442700657553772643e-03
4.871093750000000000e+00 3.525724308509238600e-03
4.875000000000000000e+00 3.622193960090774791e-03
4.878906250000000000e+00 3.669266339967917987e-03
4.882812500000000000e+00 3.664618029361394955e-03
4.886718750000000000e+00 3.632183037379374535e-03
4.890625000000000000e+00 3.553905911502413910e-03
4.894531250000000000e+00 3.473274208313648168e-03
4.898437500000000000e+00 3.389236705987919932e-03
4.902343750000000000e+00 3.266738405482668643e-03
4.906250000000000000e+00 3.114483923411695988e-03
4.910156250000000000e+00 2.969309360875103075e-03
4.914062500000000000e+00 2.828849142562758073e-03
4.917968750000000000e+00 2.680652264108700136e-03
4.921875000000000000e+00 2.533389261975846438e-03
4.925781250000000000e+00 2.352697985852368005e-03
4.929687500000000000e+00 2.137738018596571036e-03
4.933593750000000000e+00 1.910500991315971023e-03
4.937500000000000000e+00 1.662473370840146167e-03
4.941406250000000000e+00 1.444672933296883713e-03
4.945312500000000000e+00 1.261824852502807211e-03
4.949218750000000000e+00 1.086132040715412882e-03
4.953125000000000000e+00 9.328301966937485807e-04
4.957031250000000000e+00 7.763491458531432193e-04
4.960937500000000000e+00 6.162575045592972754e-04
4.964843750000000000e+00 4.763977479400058140e-04
4.968750000000000000e+00 3.514409218541690734e-04
4.972656250000000000e+00 1.977318263338379250e-04
4.976562500000000000e+00 1.590110623302344180e-05
4.980468750000000000e+00 -1.770536964433799495e-04
4.984375000000000000e+00 -3.923547713835972206e-04
4.988281250000000000e+00 -5.959634228703501995e-04
4.992187500000000000e+00 -7.873536249819770546e-04
4.996093750000000000e+00 -9.906764655455628336e-04
5.000000000000000000e+00 -1.197957596177084624e-03
5.003906250000000000e+00 -1.381828830259052574e-03
5.007812500000000000e+00 -1.542541408652090603e-03
5.011718750000000000e+00 -1.687148377879334887e-03
5.015625000000000000e+00 -1.808087159035509477e-03
5.019531250000000000e+00 -1.928442716304393885e-03
5.023437500000000000e+00 -2.047300870386461417e-03
5.027343750000000000e+00 -2.147531089345364273e-03
5.031250000000000000e+00 -2.233728319306342580e-03
5.035156250000000000e+00 -2.316185097492276090e-03
5.039062500000000000e+00 -2.393400865757422304e-03
5.042968750000000000e+00 -2.462943343005635603e-03
5.046875000000000000e+00 -2.526891705595485545e-03
5.050781250000000000e+00 -2.572971277595835927e-03
5.054687500000000000e+00 -2.600824970273092184e-03
5.058593750000000000e+00 -2.617431586078461294e-03
5.062500000000000000e+00 -2.619612113310995031e-03
5.066406250000000000e+00 -2.636585859120906244e-03
5.070312500000000000e+00 -2.670464473632840844e-03
5.074218750000000000e+00 -2.706258316147610275e-03
5.078125000000000000e+00 -2.752470836050811397e-03
5.082031250000000000e+00 -2.792854374480079754e-03
5.085937500000000000e+00 -2.827162456341142643e-03
5.089843750000000000e+00 -2.869572567614879499e-03
5.093750000000000000e+00 -2.916597964042917483e-03
5.097656250000000000e+00 -2.945272435630402058e-03
5.101562500000000000e+00 -2.955987253626374441e-03
5.105468750000000000e+00 -2.957204271463646002e-03
5.109375000000000000e+00 -2.942994001115405937e-03
5.113281250000000000e+00 -2.931655544855680563e-03
5.117187500000000000e+00 -2.923340801314874230e-03
5.121093750000000000e+00 -2.905071166411283580e-03
5.125000000000000000e+00 -2.881059743554949867e-03
5.128906250000000000e+00 -2.858685515210649449e-03
5.132812500000000000e+00 -2.837256680938808617e-03
5.136718750000000000e+00 -2.816046531058898246e-03
5.140625000000000000e+00 -2.796885741911806986e-03
5.144531250000000000e+00 -2.771659571187282903e-03
5.148437500000000000e+00 -2.740673208669385484e-03
5.152343750000000000e+00 -2.709245807887462974e-03
5.156250000000000000e+00 -2.675668778182998045e-03
5.160156250000000000e+00 -2.639192346129218009e-03
5.164062500000000000e+00 -2.600283049974043675e-03
5.167968750000000000e+00 -2.558328514022810331e-03
5.171875000000000000e+00 -2.513280877918148016e-03
5.175781250000000000e+00 -2.467364106974808888e-03
5.179687500000000000e+00 -2.420544415746645178e-03
5.183593750000000000e+00 -2.371768090740751077e-03
5.187500000000000000e+00 -2.321580445365115184e-03
5.191406250000000000e+00 -2.258795386029418140e-03
5.195312500000000000e+00 -2.182660316276615903e-03
5.199218750000000000e+00 -2.098422616936782437e-03
5.203125000000000000e+00 -2.002798464957405121e-03
5.207031250000000000e+00 -1.902291048716857119e-03
5.210937500000000000e+00 -1.796857459747765043e-03
5.214843750000000000e+00 -1.680838286502668848e-03
5.218750000000000000e+00 -1.555550259456376901e-03
5.222656250000000000e+00 -1.428930457117661345e-03
5.226562500000000000e+00 -1.300686548780380413e-03
5.230468750000000000e+00 -1.167868212684459528e-03
5.234375000000000000e+00 -1.032432951922808602e-03
5.238281250000000000e+00 -8.876834702904312776e-04
5.242187500000000000e+00 -7.334725480489937607e-04
5.246093750000000000e+00 -5.743175123922495849e-04
5.250000000000000000e+00 -4.085962944392945630e-04
5.253906250000000000e+00 -2.683905247773322902e-04
5.257812500000000000e+00 -1.562459530942518287e-04
5.261718750000000000e+00 -5.727592277145084055e-05
5.265625000000000000e+00 1.886057774254352266e-05
5.269531250000000000e+00 9.035925975364810880e-05
5.273437500000000000e+00 1.568579696082106898e-04
5.277343750000000000e+00 2.019706898202696646e-04
5.281250000000000000e+00 2.291780094909251291e-04
5.285156250000000000e+00 2.623344038408086392e-04
5.289062500000000000e+00 3.004447907262581510e-04
5.292968750000000000e+00 3.341858874302935565e-04
5.296875000000000000e+00 3.693193349347249801e-04
5.300781250000000000e+00 3.856072047027727409e-04
5.304687500000000000e+00 3.823898253770294871e-04
5.308593750000000000e+00 3.730593095498691025e-04
5.312500000000000000e+00 3.525607400633991523e-04
5.316406250000000000e+00 3.414510255677552638e-04
5.320312500000000000e+00 3.419511099327801704e-04
5.324218750000000000e+00 3.417935862496966951e-04
5.328125000000000000e+00 3.471665052133556775e-04
5.332031250000000000e+00 3.487869541418387440e-04
5.335937500000000000e+00 3.462854049448935308e-04
5.339843750000000000e+00 3.487415413597829707e-04
5.343750000000000000e+00 3.541501530269031768e-04
5.347656250000000000e+00 3.428299059643202806e-04
5.351562500000000000e+00 3.148155303507453357e-04
5.355468750000000000e+00 2.778975913411486681e-04
5.359375000000000000e+00 2.268917903301714584e-04
5.363281250000000000e+00 1.764685842082178993e-04
5.367187500000000000e+00 1.267701832415756209e-04
5.371093750000000000e+00 6.704739704110310346e-05
5.375000000000000000e+00 6.481360055134889942e-07
5.378906250000000000e+00 -4.785966330882392047e-05
5.382812500000000000e+00 -7.785390608700879628e-05
5.386718750000000000e+00 -9.805684190361389253e-05
5.390625000000000000e+00 -1.014937698817071175e-04
5.394531250000000000e+00 -1.060612519301817126e-04
5.398437500000000000e+00 -1.112887066613611639e-04
5.402343750000000000e+00 -1.031084947984107835e-04
5.406250000000000000e+00 -8.512419262734694154e-05
5.410156250000000000e+00 -7.064125523774702467e-05
5.414062500000000000e+00 -5.867258377205497800e-05
5.417968750000000000e+00 -4.497554425961605603e-05
5.421875000000000000e+00 -3.263877831809363809e-05
5.425781250000000000e+00 -8.778548739839303540e-06
5.429687500000000000e+00 2.689895627841178537e-05
5.433593750000000000e+00 6.626915387647086292e-05
5.437500000000000000e+00 1.125265440373045316e-04
5.441406250000000000e+00 1.442074961288134166e-04
5.445312500000000000e+00 1.594140252141989221e-04
5.449218750000000000e+00 1.695969366342475314e-04
5.453125000000000000e+00 1.683675199685656502e-04
5.457031250000000000e+00 1.667592820450642180e-04
5.460937500000000000e+00 1.649186236372193759e-04
5.464843750000000000e+00 1.526893702151449321e-04
5.468750000000000000e+00 1.323640943072660388e-04
5.472656250000000000e+00 1.218305997609654104e-04
5.476562500000000000e+00 1.207833129853920376e-04
5.480468750000000000e+00 1.223073979496550198e-04
5.484375000000000000e+00 1.309807521747243029e-04
5.488281250000000000e+00 1.327144631019385010e-04
5.492187500000000000e+00 1.272834861980159916e-04
5.496093750000000000e+00 1.246240906992756366e-04
5.500000000000000000e+00 1.214242381005508129e-04
5.503906250000000000e+00 1.196342519562798145e-04
5.507812500000000000e+00 1.202542758096526683e-04
5.511718750000000000e+00 1.204493910947451019e-04
5.515625000000000000e+00 1.210480307190960330e-04
5.519531250000000000e+00 1.235661795687624227e-04
5.523437500000000000e+00 1.278281154221978919e-04
5.527343750000000000e+00 1.337498634917982292e-04
5.531250000000000000e+00 1.416919386156026092e-04
5.535156250000000000e+00 1.467511654934437694e-04
5.539062500000000000e+00 1.487736832992726799e-04
5.542968750000000000e+00 1.502392438707652797e-04
5.546875000000000000e+00 1.498313231344983350e-04
5.550781250000000000e+00 1.505078204010033176e-04
5.554687500000000000e+00 1.523902977894846906e-04
5.558593750000000000e+00 1.531446699629687247e-04
5.562500000000000000e+00 1.534787324396405647e-04
5.566406250000000000e+00 1.561651222748744363e-04
5.570312500000000000e+00 1.611532739579089640e-04
5.574218750000000000e+00 1.676460307829855903e-04
5.578125000000000000e+00 1.763847392286512980e-04
5.582031250000000000e+00 1.850831364071796358e-04
5.585937500000000000e+00 1.937976278750402372e-04
5.589843750000000000e+00 2.041955359377364972e-04
5.593750000000000000e+00 2.157989253795059427e-04
5.597656250000000000e+00 2.276957442406125865e-04
5.601562500000000000e+00 2.400184871033586435e-04
5.605468750000000000e+00 2.529263086272291847e-04
5.609375000000000000e+00 2.662278254386186722e-04
5.613281250000000000e+00 2.810264787892052525e-04
5.617187500000000000e+00 2.973343898289150349e-04
5.621093750000000000e+00 3.145084629196086973e-04
5.625000000000000000e+00 3.328212062876925660e-04
5.628906250000000000e+00 3.460417293276846196e-04
5.632812500000000000e+00 3.537169798690270226e-04
5.636718750000000000e+00 3.587294284618896796e-04
5.640625000000000000e+00 3.592255640107419362e-04
5.644531250000000000e+00 3.588110241857983334e-04
5.648437500000000000e+00 3.574330468134909004e-04
5.652343750000000000e+00 3.519075281361544287e-04
5.656250000000000000e+00 3.429425136528270837e-04
5.660156250000000000e+00 3.350554367193796907e-04
5.664062500000000000e+00 3.280645519581146122e-04
5.667968750000000000e+00 3.202469493181552777e-04
5.671875000000000000e+00 3.127027532826246879e-04
5.675781250000000000e+00 3.015973911534720994e-04
5.679687500000000000e+00 2.868238275170474682e-04
5.683593750000000000e+00 2.709375187528312301e-04
5.687500000000000000e+00 2.529930696410778116e-04
5.691406250000000000e+00 2.368117548124202426e-04
5.695312500000000000e+00 2.228226368513026390e-04
5.699218750000000000e+00 2.087526560547594916e-04
5.703125000000000000e+00 1.957621233552395569e-04
5.707031250000000000e+00 1.821628587911270605e-04
5.710937500000000000e+00 1.678975460887822892e-04
5.714843750000000000e+00 1.546526070262458882e-04
5.718750000000000000e+00 1.420732280384649760e-04
5.722656250000000000e+00 1.265125936429619747e-04
5.726562500000000000e+00 1.079888244809705533e-04
5.730468750000000000e+00 8.796641712301090028e-05
5.734375000000000000e+00 6.549393008001115428e-05
5.738281250000000000e+00 4.330698234373928671e-05
5.742187500000000000e+00 2.144516279366979905e-05
5.746093750000000000e+00 -2.075195609633749317e-06
5.750000000000000000e+00 -2.661987271932194675e-05
5.753906250000000000e+00 -4.715638851313657288e-05
5.757812500000000000e+00 -6.352496188852096569e-05
5.761718750000000000e+00 -7.753023041438757319e-05
5.765625000000000000e+00 -8.772743009900724014e-05
5.769531250000000000e+00 -9.770283061322710468e-05
5.773437500000000000e+00 -1.073487700485483939e-04
5.777343750000000000e+00 -1.137986565630987940e-04
5.781250000000000000e+00 -1.177612928736777425e-04
5.785156250000000000e+00 -1.220095966465639052e-04
5.789062500000000000e+00 -1.263308664672106350e-04
5.792968750000000000e+00 -1.298038328469642221e-04
5.796875000000000000e+00 -1.330636685545962287e-04
5.800781250000000000e+00 -1.334279243017221373e-04
5.804687500000000000e+00 -1.308194247008323996e-04
5.808593750000000000e+00 -1.269133016481603985e-04
5.812500000000000000e+00 -1.210333652543125045e-04
5.816406250000000000e+00 -1.174711493839157876e-04
5.820312500000000000e+00 -1.165974768126439828e-04
5.824218750000000000e+00 -1.160872595048358075e-04
5.828125000000000000e+00 -1.172086460950702872e-04
5.832031250000000000e+00 -1.177476524869370351e-04
5.835937500000000000e+00 -1.176582778536221539e-04
5.839843750000000000e+00 -1.189568548443339008e-04
5.843750000000000000e+00 -1.211712953654614278e-04
5.847656250000000000e+00 -1.206719138563966132e-04
5.851562500000000000e+00 -1.175030711616919529e-04
5.855468750000000000e+00 -1.130501280711744983e-04
5.859375000000000000e+00 -1.063720333970233508e-04
5.863281250000000000e+00 -1.002934190817019551e-04
5.867187500000000000e+00 -9.484445068029733687e-05
5.871093750000000000e+00 -8.800455165253595472e-05
5.875000000000000000e+00 -8.042580643719407171e-05
5.878906250000000000e+00 -7.444733653741897241e-05
5.882812500000000000e+00 -7.004191521025468427e-05
5.886718750000000000e+00 -6.657936540408562504e-05
5.890625000000000000e+00 -6.469946473419775136e-05
5.894531250000000000e+00 -6.242438604119675510e-05
5.898437500000000000e+00 -5.981983183487416629e-05
5.902343750000000000e+00 -5.833904851337161547e-05
5.906250000000000000e+00 -5.757943916832069289e-05
5.910156250000000000e+00 -5.661748773250256200e-05
5.914062500000000000e+00 -5.556882714447197524e-05
5.917968750000000000e+00 -5.464559004117279777e-05
5.921875000000000000e+00 -5.364975803231667286e-05
5.925781250000000000e+00 -5.363877084787428484e-05
5.929687500000000000e+00 -5.463221480995808488e-05
5.933593750000000000e+00 -5.600631800112709796e-05
5.937500000000000000e+00 -5.802587461532530754e-05
5.941406250000000000e+00 -5.817879896985719753e-05
5.945312500000000000e+00 -5.627110896087103716e-05
5.949218750000000000e+00 -5.357629194779181861e-05
5.953125000000000000e+00 -4.935438832961633587e-05
5.957031250000000000e+00 -4.498008175413889260e-05
5.960937500000000000e+00 -4.046278484257784312e-05
5.964843750000000000e+00 -3.457885177593186446e-05
5.968750000000000000e+00 -2.761388275426457828e-05
5.972656250000000000e+00 -2.152776479089561063e-05
5.976562500000000000e+00 -1.627547299490419533e-05
5.980468750000000000e+00 -1.111750984924730261e-05
5.984375000000000000e+00 -6.551186334326975718e-06
5.988281250000000000e+00 -9.951778127913841521e-07
5.992187500000000000e+00 5.575563016618491726e-06
5.996093750000000000e+00 1.205934413509714240e-05
6.000000000000000000e+00 1.882941323352727687e-05
6.003906250000000000e+00 2.445474423755546737e-05
6.007812500000000000e+00 2.874385152249833860e-05
6.011718750000000000e+00 3.254201883146605077e-05
6.015625000000000000e+00 3.539658271102527685e-05
6.019531250000000000e+00 3.787437038525867444e-05
6.023437500000000000e+00 3.997846377760313612e-05
6.027343750000000000e+00 4.107990513708169783e-05
6.031250000000000000e+00 4.128110895594092885e-05
6.035156250000000000e+00 4.196384966567916848e-05
6.039062500000000000e+00 4.310412743767111252e-05
6.042968750000000000e+00 4.411042252123972579e-05
6.046875000000000000e+00 4.532906481042401481e-05
6.050781250000000000e+00 4.570013911445227744e-05
6.054687500000000000e+00 4.518723301134560337e-05
6.058593750000000000e+00 4.452742793657348837e-05
6.062500000000000000e+00 4.345921858779302647e-05
6.066406250000000000e+00 4.250413291622090847e-05
6.070312500000000000e+00 4.175218794928843932e-05
6.074218750000000000e+00 4.081004921114255699e-05
6.078125000000000000e+00 3.984371839974811447e-05
6.082031250000000000e+00 3.871734951728757131e-05
6.085937500000000000e+00 3.741148884794730207e-05
6.089843750000000000e+00 3.611393483166986984e-05
6.093750000000000000e+00 3.479391283890072474e-05
6.097656250000000000e+00 3.278605970544937984e-05
6.101562500000000000e+00 3.007916917088111810e-05
6.105468750000000000e+00 2.695615838833779565e-05
6.109375000000000000e+00 2.323719652724771039e-05
6.113281250000000000e+00 1.937789804549780296e-05
6.117187500000000000e+00 1.538269127083632815e-05
6.121093750000000000e+00 1.090215333453164098e-05
6.125000000000000000e+00 6.038391533859020327e-06
6.128906250000000000e+00 2.255954184195618353e-06
6.132812500000000000e+00 -3.828238694614053578e-07
6.136718750000000000e+00 -2.456381196572559412e-06
6.140625000000000000e+00 -3.541850936072648562e-06
6.144531250000000000e+00 -4.625515267718718063e-06
6.148437500000000000e+00 -5.685386058373513423e-06
6.152343750000000000e+00 -5.916366600802343257e-06
6.156250000000000000e+00 -5.515724041893791543e-06
6.160156250000000000e+00 -5.375104837175811084e-06
6.164062500000000000e+00 -5.441832519743808481e-06
6.167968750000000000e+00 -5.407590634615594980e-06
6.171875000000000000e+00 -5.483980761496033839e-06
6.175781250000000000e+00 -4.854631995106637410e-06
6.179687500000000000e+00 -3.499481696972105201e-06
6.183593750000000000e+00 -1.945577496327556274e-06
6.187500000000000000e+00 8.848231714940883931e-09
6.191406250000000000e+00 1.227958311959222891e-06
6.195312500000000000e+00 1.603162591526956659e-06
6.199218750000000000e+00 1.760621250774081527e-06
6.203125000000000000e+00 1.360108555971095871e-06
6.207031250000000000e+00 9.610114102737990395e-07
6.210937500000000000e+00 5.736074261618374428e-07
6.214843750000000000e+00 -3.289979058243534996e-07
6.218750000000000000e+00 -1.630381568737858383e-06
6.222656250000000000e+00 -2.344044113448199181e-06
6.226562500000000000e+00 -2.483192281006669172e-06
6.230468750000000000e+00 -2.434242511968307810e-06
6.234375000000000000e+00 -1.943298193326758418e-06
6.238281250000000000e+00 -1.775780732934725413e-06
6.242187500000000000e+00 -1.943761668127928443e-06
6.246093750000000000e+00 -1.903030406992292115e-06
6.250000000000000000e+00 -1.832906901076925204e-06
6.253906250000000000e+00 -1.826919160460397638e-06
6.257812500000000000e+00 -1.842916371342569511e-06
6.261718750000000000e+00 -1.947350647122735916e-06
6.265625000000000000e+00 -2.153824429995641514e-06
6.269531250000000000e+00 -2.257438642866941577e-06
6.273437500000000000e+00 -2.269770022992976885e-06
6.277343750000000000e+00 -2.300066907278406315e-06
6.281250000000000000e+00 -2.304392576288842554e-06
6.285156250000000000e+00 -2.412733907987326661e-06
6.289062500000000000e+00 -2.639632026651633058e-06
6.292968750000000000e+00 -2.900620926452511801e-06
6.296875000000000000e+00 -3.234182358932139056e-06
6.300781250000000000e+00 -3.598102431568897334e-06
6.304687500000000000e+00 -3.988817286533869681e-06
6.308593750000000000e+00 -4.454792948235279007e-06
6.312500000000000000e+00 -4.986710424969243450e-06
6.316406250000000000e+00 -5.299651497540132558e-06
6.320312500000000000e+00 -5.382103650982475214e-06
6.324218750000000000e+00 -5.354591198838596490e-06
6.328125000000000000e+00 -5.136200310332569395e-06
6.332031250000000000e+00 -4.913120270334298140e-06
6.335937500000000000e+00 -4.683830078322320599e-06
6.339843750000000000e+00 -4.297141078645258737e-06
6.343750000000000000e+00 -3.791882621450992127e-06
6.347656250000000000e+00 -3.340670561360846504e-06
6.351562500000000000e+00 -2.935149054362047641e-06
6.355468750000000000e+00 -2.517544389126441282e-06
6.359375000000000000e+00 -2.130090011653305102e-06
6.363281250000000000e+00 -1.619028787342262092e-06
6.367187500000000000e+00 -9.821629212837801343e-07
6.371093750000000000e+00 -3.216868575881396543e-07
6.375000000000000000e+00 3.991484247824675147e-07
6.378906250000000000e+00 9.524791141045786368e-07
6.382812500000000000e+00 1.315223997662013675e-06
6.386718750000000000e+00 1.609198299569060934e-06
6.390625000000000000e+00 1.764950311834298761e-06
6.394531250000000000e+00 1.893261735181639804e-06
6.398437500000000000e+00 1.994223873307748662e-06
6.402343750000000000e+00 1.960572292587932969e-06
6.406250000000000000e+00 1.813906608665773983e-06
6.410156250000000000e+00 1.747421071173281428e-06
6.414062500000000000e+00 1.756552641430646679e-06
6.417968750000000000e+00 1.763303747974388011e-06
6.421875000000000000e+00 1.815997079960135722e-06
6.425781250000000000e+00 1.761036220342113905e-06
6.429687500000000000e+00 1.594209119523978671e-06
6.433593750000000000e+00 1.421441853853544884e-06
6.437500000000000000e+00 1.205337755373401532e-06
6.441406250000000000e+00 1.049710632758396571e-06
6.445312500000000000e+00 9.696492423920268663e-07
6.449218750000000000e+00 8.965191800681616150e-07
6.453125000000000000e+00 8.629427273900068071e-07
6.457031250000000000e+00 8.328102001425509219e-07
6.460937500000000000e+00 8.040482887234712620e-07
6.464843750000000000e+00 8.187722317653537309e-07
6.468750000000000000e+00 8.696332079202223897e-07
6.472656250000000000e+00 8.433345237707772355e-07
6.476562500000000000e+00 7.396736870023181565e-07
6.480468750000000000e+00 6.064153256488640126e-07
6.484375000000000000e+00 4.138489655459595010e-07
6.488281250000000000e+00 2.439203401856622558e-07
6.492187500000000000e+00 9.818255970369064833e-08
6.496093750000000000e+00 -8.356090344096819300e-08
6.500000000000000000e+00 -2.821962152278408053e-07
6.503906250000000000e+00 -4.307837960811775755e-07
6.507812500000000000e+00 -5.304882074213939564e-07
6.511718750000000000e+00 -5.991568100791816411e-07
6.515625000000000000e+00 -6.186795394681770274e-07
6.519531250000000000e+00 -6.460010980029190875e-07
6.523437500000000000e+00 -6.793462106690893457e-07
6.527343750000000000e+00 -6.772205790095952500e-07
6.531250000000000000e+00 -6.513228452811020534e-07
6.535156250000000000e+00 -6.257395953152336380e-07
6.539062500000000000e+00 -5.971373825389529210e-07
6.542968750000000000e+00 -5.606855841971242556e-07
6.546875000000000000e+00 -5.214560004781330068e-07
6.550781250000000000e+00 -4.507961874301337321e-07
6.554687500000000000e+00 -3.482556164213745938e-07
6.558593750000000000e+00 -2.305402299482689572e-07
6.562500000000000000e+00 -9.049730949049031217e-08
6.566406250000000000e+00 5.737377247025783439e-09
6.570312500000000000e+00 5.308168218865165745e-08
6.574218750000000000e+00 8.520682019582983398e-08
6.578125000000000000e+00 8.266409736508062292e-08
6.582031250000000000e+00 8.155668591101466867e-08
6.585937500000000000e+00 8.218836116044875985e-08
6.589843750000000000e+00 5.244669485431627400e-08
6.593750000000000000e+00 -1.326083543043852121e-10
6.597656250000000000e+00 -2.402658065404918162e-08
6.601562500000000000e+00 -2.038393241647219418e-08
6.605468750000000000e+00 -8.596648375703575823e-09
6.609375000000000000e+00 2.443451117509231769e-08
6.613281250000000000e+00 3.721557622068297071e-08
6.617187500000000000e+00 2.912418928909889679e-08
6.621093750000000000e+00 2.913113538099892488e-08
6.625000000000000000e+00 2.746975616998582974e-08
6.628906250000000000e+00 2.761976799405960970e-08
6.632812500000000000e+00 3.227934375181660471e-08
6.636718750000000000e+00 3.401701911697011048e-08
6.640625000000000000e+00 3.453590695380511847e-08
6.644531250000000000e+00 3.956013701950851100e-08
6.648437500000000000e+00 4.847065650575933675e-08
6.652343750000000000e+00 5.978036211404459496e-08
6.656250000000000000e+00 7.473577593261648730e-08
6.660156250000000000e+00 8.066152999217399822e-08
6.664062500000000000e+00 7.697617924955361589e-08
6.667968750000000000e+00 7.019651140904286711e-08
6.671875000000000000e+00 5.682890438966919061e-08
6.675781250000000000e+00 4.398904756074463490e-08
6.679687500000000000e+00 3.192363627735767448e-08
6.683593750000000000e+00 1.471966522195668841e-08
6.687500000000000000e+00 -5.982033183445438418e-09
6.691406250000000000e+00 -1.971124801999598943e-08
6.695312500000000000e+00 -2.645129149207882749e-08
6.699218750000000000e+00 -2.988741191161540134e-08
6.703125000000000000e+00 -2.718499899034615829e-08
6.707031250000000000e+00 -2.632543569533940046e-08
6.710937500000000000e+00 -2.721632886133018411e-08
6.714843750000000000e+00 -2.389239506467085963e-08
6.718750000000000000e+00 -1.806438407926304246e-08
6.722656250000000000e+00 -1.453212284992241309e-08
6.726562500000000000e+00 -1.293291344810708032e-08
6.730468750000000000e+00 -1.205026312419408152e-08
6.734375000000000000e+00 -1.303318360842841186e-08
6.738281250000000000e+00 -1.108548165505288920e-08
6.742187500000000000e+00 -6.202350031018436475e-09
6.746093750000000000e+00 -1.471460974706792084e-09
6.750000000000000000e+00 4.229271666688046180e-09
6.753906250000000000e+00 7.950421104507026198e-09
6.757812500000000000e+00 9.272143656922532810e-09
6.761718750000000000e+00 1.018135441091915379e-08
6.765625000000000000e+00 9.761368532848566877e-09
6.769531250000000000e+00 8.949291580871277844e-09
6.773437500000000000e+00 7.815055515418757781e-09
6.777343750000000000e+00 5.219303207545606218e-09
6.781250000000000000e+00 1.356282211760400316e-09
6.785156250000000000e+00 -7.955346045989621407e-10
6.789062500000000000e+00 -1.238885945214427010e-09
6.792968750000000000e+00 -1.231756091791542563e-09
6.796875000000000000e+00 1.987399991076618085e-12
6.800781250000000000e+00 3.054937776364785676e-10
6.804687500000000000e+00 -3.661997582737072553e-10
6.808593750000000000e+00 -4.364839141311536726e-10
6.812500000000000000e+00 -4.116889426272094657e-10
6.816406250000000000e+00 -4.837701803995463830e-10
6.820312500000000000e+00 -5.175892690310346575e-10
6.824218750000000000e+00 -7.264292118874321213e-10
6.828125000000000000e+00 -1.120064276498410667e-09
6.832031250000000000e+00 -1.153641177105053809e-09
6.835937500000000000e+00 -8.516941837441056478e-10
6.839843750000000000e+00 -4.784391962751005541e-10
6.843750000000000000e+00 8.965266749416518477e-11
6.847656250000000000e+00 3.964252233660671612e-10
6.851562500000000000e+00 4.074212898142058594e-10
6.855468750000000000e+00 4.078908302563650894e-10
6.859375000000000000e+00 2.707307314554672494e-10
6.863281250000000000e+00 1.938254358572694875e-10
6.867187500000000000e+00 1.953281836801589299e-10
6.871093750000000000e+00 9.295455373804059011e-11
6.875000000000000000e+00 -6.338404934385392359e-11
6.878906250000000000e+00 -1.389615180558769953e-10
6.882812500000000000e+00 -1.462935260515278974e-10
6.886718750000000000e+00 -1.171241536257636763e-10
6.890625000000000000e+00 -2.032658703661220946e-11
6.894531250000000000e+00 1.856717044246343162e-11
6.898437500000000000e+00 -2.978514246142580516e-14
6.902343750000000000e+00 5.488231870029008635e-12
6.906250000000000000e+00 6.169977790581793309e-12
6.910156250000000000e+00 7.757104852477721084e-12
6.914062500000000000e+00 1.678639136120074635e-11
6.917968750000000000e+00 1.276433164450385268e-11
6.921875000000000000e+00 -1.343623571173500380e-12
6.925781250000000000e+00 -6.106018523407621001e-12
6.929687500000000000e+00 -4.057438583724050678e-12
6.933593750000000000e+00 -2.927381404733431996e-12
6.937500000000000000e+00 9.499360712314451466e-13
6.941406250000000000e+00 2.192499514035209977e-12
6.945312500000000000e+00 3.046343430403714448e-13
6.949218750000000000e+00 4.463896122726856012e-16
6.953125000000000000e+00 -9.246939131601671798e-14
6.957031250000000000e+00 -2.515774682255879664e-13
6.960937500000000000e+00 2.013687212519945932e-14
6.964843750000000000e+00 6.080878876286940150e-14
6.968750000000000000e+00 -1.423668176407118384e-14
6.972656250000000000e+00 -4.565551648807730521e-15
6.976562500000000000e+00 1.385837781038164280e-15
6.980468750000000000e+00 -3.017910876872180616e-16
6.984375000000000000e+00 2.133649976978868846e-16
6.988281250000000000e+00 -2.076953603803081598e-17
6.992187500000000000e+00 -3.197698943970835702e-18
6.996093750000000000e+00 4.792387995499913161e-20
