4 0.0625 4.421875 0.484375 5.234375
5 0.15625 4.609375 0.921875 6.75
6 0.25 5.65625 1.875 7.859375
7 0.375 5.984375 2.15625 9.109375
8 0.5 6.90625 2.578125 10.421875
9 0.640625 7.5 3.546875 11.359375
10 0.78125 7.796875 3.859375 12.859375
11 0.921875 8.765625 5.0 13.96875
12 1.0625 9.078125 5.296875 15.09375
13 1.21875 9.46875 5.8125 16.234375
14 1.359375 9.796875 6.71875 17.375
15 1.515625 10.78125 7.109375 18.5
16 1.671875 11.109375 8.15625 19.953125
17 1.828125 11.40625 8.5 21.109375
18 1.984375 12.359375 9.59375 22.234375
19 2.140625 12.734375 9.90625 23.375
20 2.296875 13.046875 11.015625 24.515625
